10000
-999
468
271
524
-316
-107
-350
-803
608
60
-689
-638
376
-494
153
-554
668
-523
-815
433
-402
-119
-72
50
-305
-180
-832
-503
806
-944
602
611
-26
168
-255
316
-859
694
-541
-464
-328
-104
5
-131
479
-689
-435
237
-724
758
-899
661
965
-137
256
-230
846
-164
578
239
-498
744
-70
-643
-88
-213
-67
661
-513
387
266
205
-347
-1
-775
-102
406
922
-90
288
286
91
-735
-950
960
67
-341
-674
789
-277
841
-39
9
609
843
912
661
837
711
-903
576
533
-4
-754
-341
326
323
549
866
884
473
1000
411
-416
-267
22
-872
170
366
764
-276
-105
-94
673
-334
161
-388
-447
486
982
-333
83
-137
-601
84
218
775
516
-94
135
-998
929
-783
-235
267
982
918
-771
-802
188
-519
779
-533
-211
-159
-42
110
294
793
668
-249
315
697
598
889
-53
114
-378
900
-587
351
-826
-504
139
561
583
-172
407
217
588
-187
756
457
472
-306
-684
230
-273
-440
298
10
610
307
-454
-959
-188
-622
85
44
999
987
-576
618
617
368
-860
71
361
-711
431
75
-722
566
768
-851
-12
382
556
-567
62
-302
101
210
498
56
-709
-114
621
964
278
-996
170
-887
371
-224
-588
295
-325
-744
148
849
231
638
413
-536
226
359
412
437
-895
-675
-57
-804
993
588
-917
13
938
-407
649
-100
538
-643
-641
422
76
-740
-166
-946
-236
250
184
-237
897
164
-957
673
-656
-34
524
-810
86
869
993
473
-626
-690
760
-423
-28
-591
830
813
924
-578
-858
244
-690
398
-548
-957
176
-388
880
-173
-50
710
920
111
-613
-1000
-94
759
-33
590
762
-953
-964
-783
613
210
776
517
444
-36
165
385
421
-874
574
145
224
-162
123
396
-857
723
-409
575
330
-673
446
317
-485
156
715
-856
590
506
436
-788
-995
747
537
-64
178
621
-70
0
-360
-415
386
378
422
14
-82
343
389
-59
-385
154
138
-833
-9
893
-270
-992
429
586
356
-986
904
840
781
309
274
792
262
153
-912
-678
-995
711
-240
-698
544
497
130
-515
-755
620
398
979
562
129
-292
-376
-58
-771
865
910
-151
-91
-319
707
-266
-815
478
15
-581
490
-191
-968
-643
428
148
503
243
548
-857
-400
708
818
-686
-417
227
248
-83
632
-133
433
-90
910
340
-801
134
-951
315
538
-730
447
-829
536
895
366
-353
-708
-333
79
595
-108
-755
138
624
-840
282
-141
-660
70
961
-255
459
-830
90
-631
-955
332
714
-55
149
654
465
524
-953
25
-299
-86
867
-311
577
325
-411
-252
-225
511
-110
546
-439
343
202
-906
173
-212
305
142
624
705
-775
518
828
-229
-732
7
798
-746
409
991
-74
666
461
450
-60
177
962
-970
153
787
-190
-474
688
177
251
132
-734
-430
-774
-234
-925
874
-647
-150
-778
-649
-22
-74
-911
634
-197
941
-200
-589
-575
-337
481
73
-70
40
260
-216
-149
-224
531
-373
-494
-513
-924
-132
390
-628
-541
-100
-649
-882
-487
-652
-430
373
239
-242
-251
615
-4
108
-680
264
680
47
164
-654
455
-401
-430
70
731
717
221
-729
977
169
953
-630
946
-352
43
481
512
-911
-799
-340
-673
863
48
511
-758
-878
848
843
-330
846
537
307
640
-702
-628
631
-386
612
73
358
624
838
-405
442
88
-316
790
-514
-261
117
-332
896
-692
352
312
407
-421
-854
-871
594
913
-971
266
101
-259
292
-647
-364
-53
-795
-85
681
609
911
751
-375
-946
252
64
-704
511
908
157
-449
321
126
384
909
900
731
-781
-911
471
510
571
809
655
793
531
976
929
888
366
777
221
-831
-545
946
391
631
283
441
-780
-576
578
499
-233
-55
12
63
746
546
698
536
319
639
-536
-802
607
-65
4
-548
458
216
128
299
-687
-506
-679
-316
-819
-348
555
-499
135
833
878
770
282
-279
16
-262
273
-678
947
451
-548
342
453
-589
206
-833
-683
93
-319
-883
512
-140
432
611
-695
23
696
-219
-248
322
924
-891
-548
-949
63
-470
-636
-946
784
-4
-64
-421
526
569
-192
806
644
-731
934
854
342
533
268
-202
-342
-96
-8
621
542
-829
88
-694
-642
-381
-52
-97
510
260
-917
-975
524
-275
450
-253
-710
912
927
118
802
-802
-968
783
-562
-281
579
160
59
-988
-298
615
831
355
-138
-798
-200
-867
-714
-793
-500
-396
923
-770
-592
237
724
-920
258
174
-687
-290
955
19
-551
649
-869
286
839
-89
-242
328
-236
-311
-337
855
524
-82
-748
-135
529
189
-313
911
-397
-823
-108
-712
327
193
-872
898
117
-790
-788
-168
894
911
4
90
-829
-92
-652
-498
399
-373
-681
-594
-87
-363
397
-473
518
658
896
200
-457
930
860
772
497
753
987
-219
-292
-58
312
-832
-797
-508
485
-130
376
-987
845
374
990
-999
-848
803
824
416
-905
300
-922
99
-168
478
210
232
971
-808
-562
419
557
-933
-110
139
-386
-876
870
-230
-459
327
759
-922
-346
-453
-606
785
-285
355
43
786
-952
555
-959
629
649
180
105
-675
358
-213
425
594
338
-916
137
-984
236
652
-504
158
522
-625
-314
-714
480
-958
952
-148
-536
-612
-950
368
995
279
725
11
956
-101
622
-963
784
442
536
203
1000
-818
247
-727
553
-803
-124
377
205
-856
-496
1
7
776
-82
729
791
683
-781
147
-199
-359
372
902
-752
-556
-671
929
352
129
396
872
714
-275
-415
489
36
-761
83
998
-579
76
357
-170
-100
-157
-725
558
-777
59
764
461
58
-427
272
293
-735
-979
720
554
-118
966
-987
133
-214
982
-165
41
-729
-392
-712
106
304
786
662
762
458
265
748
810
549
725
-505
531
120
238
1000
959
-180
-79
361
-797
-752
-901
-213
264
651
136
390
-796
-374
365
53
536
165
381
632
-579
458
225
-850
-218
541
-623
894
-659
-34
-832
-871
242
-26
-797
-799
-282
-156
-965
943
-338
-556
-89
-474
-40
-424
513
843
-526
-607
826
663
87
864
-364
279
803
-468
101
616
828
658
-852
-15
59
373
411
72
917
-344
553
-137
-726
-930
602
-747
55
68
35
193
115
239
795
697
-17
574
398
73
424
-36
154
175
305
-247
-52
-620
693
562
908
12
614
-542
830
-896
-260
339
953
540
-103
-592
-72
-325
365
188
-850
872
-170
54
-410
342
290
291
265
533
-895
-937
-645
-284
-211
-381
27
822
-664
-33
262
113
-77
743
118
406
879
111
162
-999
151
-372
-669
65
311
-954
-627
-32
-289
-859
310
793
-240
-626
997
-505
717
870
-50
242
824
-955
186
750
-211
-596
-930
983
-722
-16
-869
629
943
-678
382
433
132
859
560
-201
752
716
-118
-411
849
-28
-49
62
528
306
-26
-607
-173
768
921
461
215
450
-587
50
-931
988
328
-329
-982
253
256
-154
-87
-525
-237
111
-681
482
-326
654
-793
-980
781
-869
-736
828
412
-850
196
-64
410
137
-388
605
-855
953
-222
-344
688
-815
743
-78
-50
820
255
758
-679
808
-57
-510
776
-321
620
-464
-317
-63
151
-658
-88
541
702
34
422
329
-90
-443
-320
-706
766
-942
-355
-179
-388
218
73
234
554
89
-724
726
824
910
106
-562
-754
467
-537
100
427
-401
700
-783
-938
442
417
714
487
-817
-362
119
-795
-531
-617
141
760
926
-381
-314
517
218
-385
75
596
-984
-892
678
-537
-811
-639
-32
990
242
709
550
-360
200
788
-213
-342
-715
543
-244
845
-986
850
-796
308
822
110
-994
645
-923
712
-248
-404
884
-530
-589
-233
-786
590
-608
-670
193
955
526
-536
542
-228
-350
887
383
-763
-291
-339
248
-475
773
-20
232
-740
-266
680
-343
-793
744
722
-153
-889
524
-121
624
-91
232
614
405
457
580
480
-990
793
-729
992
-738
956
365
753
513
170
-955
247
640
658
822
923
-990
-623
-197
282
-432
771
-527
-968
276
506
-369
256
673
105
-333
-26
-227
283
-23
-104
116
459
-357
180
873
483
-258
187
-682
982
390
-64
-718
-20
-839
-979
-902
-659
952
862
-793
-559
-14
-294
-569
482
843
549
247
-222
481
-414
-90
84
-500
18
118
148
-386
566
-747
-485
-536
-30
-34
-208
383
979
-884
608
864
456
44
515
933
-462
-408
-482
-373
150
220
-312
512
142
-806
-686
860
538
92
104
-704
280
-206
-516
-144
150
890
-456
671
-449
832
450
187
-555
-501
-513
-568
544
620
-480
310
-20
-476
-568
941
-946
943
-453
-104
688
220
583
780
443
608
749
291
-465
-184
-785
-567
307
290
5
-372
505
351
37
287
-336
629
-826
558
-953
659
952
110
845
120
161
-787
-278
445
-893
334
651
841
481
-139
-104
-627
98
976
456
851
-286
598
136
327
-277
-31
-994
684
741
946
-512
-708
140
233
-927
-38
-398
-715
10
-712
-171
-43
-513
256
-980
459
-130
891
-376
438
47
334
595
39
247
534
324
755
-928
727
995
250
-23
770
529
-733
-272
784
956
-120
-185
4
-678
92
618
879
-690
543
627
863
-236
454
-802
305
-199
982
686
-187
-281
-89
176
-289
-525
-71
-357
728
-409
191
780
807
-622
539
-770
933
99
-873
4
-337
356
447
-850
556
595
619
149
87
817
397
-445
210
936
-603
-235
-187
-528
201
-221
-584
-420
-527
-105
-155
-173
-818
-611
771
-374
349
-476
170
136
178
-603
-879
-489
-77
647
-756
-743
-66
-170
-414
900
958
-301
-346
556
213
301
842
-34
699
104
-946
-433
-393
726
-17
674
564
357
288
-153
460
27
-236
-264
-261
75
469
624
240
-58
385
312
-668
647
-794
215
-387
568
-668
897
-302
478
343
-694
-660
478
-577
749
-730
547
-65
164
584
-359
-111
617
527
-324
155
-364
-952
-460
89
142
30
-180
468
564
956
-724
244
272
-60
349
-956
-512
253
552
452
697
284
-484
-583
-10
543
-660
-528
871
737
421
-306
15
-613
-317
-536
700
880
-778
1
-154
458
-370
841
318
915
379
154
-29
361
-260
965
-119
-438
898
-52
-674
-582
296
466
-639
475
769
567
166
284
649
49
686
-477
669
382
-458
4
-245
467
-30
434
-40
20
387
-970
-691
-836
-277
245
-774
-117
371
-827
-681
270
417
-420
520
-512
152
938
797
-313
-185
-63
342
-558
-959
-968
792
349
309
-255
-677
-692
529
74
-704
505
194
-186
-512
225
213
-505
-35
-835
919
-768
0
191
770
-408
593
-344
-542
-469
328
271
-258
639
467
884
-259
874
-714
-900
-882
-531
88
-846
339
-181
656
317
668
-863
-199
360
-709
180
-84
994
821
934
630
251
405
618
-112
957
986
368
802
-312
-451
508
233
107
434
-198
-780
992
-58
-79
243
-331
824
476
-758
626
149
-887
612
-246
331
477
-949
-347
-342
534
627
-171
993
966
-500
660
-589
577
-149
-542
73
927
421
193
605
-478
-773
89
307
602
-261
693
-194
-139
-795
215
-452
-343
-261
311
-196
636
-337
-687
827
441
549
-17
-27
396
-81
541
643
-464
-869
96
131
640
-792
446
552
547
354
-132
559
622
-136
25
881
-533
-537
419
-624
517
803
-820
0
-108
-742
-783
-564
-977
-205
187
846
-531
-350
294
774
-35
964
624
-576
127
-449
-46
518
550
400
126
43
-809
609
188
621
-35
136
-878
-563
-96
313
466
760
-249
-888
749
-659
924
393
122
136
3
-685
-270
-212
800
-947
-265
-892
395
-247
-188
-315
121
59
-913
14
776
98
215
-959
936
792
65
435
948
-139
-581
-664
-799
-642
106
901
-679
-116
126
174
145
896
-556
841
-24
-908
-672
-257
-169
-900
762
849
461
-333
-455
-253
-640
48
-446
-115
778
461
-443
244
-586
-959
-424
34
-241
-735
-68
-725
-809
212
303
-979
-258
388
377
244
-761
-144
-847
-234
260
415
-498
44
143
-10
523
-66
-546
-454
-22
-460
-343
455
548
-782
197
580
475
-366
-489
557
913
662
962
-53
616
417
-667
636
605
647
824
463
-621
-173
-929
251
-342
942
332
-130
-362
-651
720
-369
575
-839
479
-888
590
201
604
-605
-592
556
316
-614
710
814
-144
-628
-169
-573
712
-294
467
-480
595
400
-165
239
112
398
-673
-582
-966
-967
21
-656
-300
-988
189
143
816
171
-373
-291
-395
89
248
-144
626
-34
166
201
-340
192
95
-269
944
-358
204
-378
61
234
398
631
-103
531
110
385
751
-224
-471
-264
-620
-382
-793
-595
-216
-554
-936
481
-666
244
508
451
760
-357
-66
780
630
-597
-990
277
188
890
-887
-52
225
-583
-322
503
873
209
938
-665
623
79
56
682
940
432
112
-988
-359
402
495
491
-227
-948
261
314
-797
-415
166
-163
775
-337
417
-495
540
470
-706
-104
-423
-210
-332
303
-358
812
-293
415
-715
-507
506
763
-453
24
207
499
-483
910
279
582
656
553
-134
298
-213
369
405
-502
117
528
243
849
-143
782
330
-665
-334
-180
-556
113
-550
972
-725
620
778
854
713
-362
-827
-744
-707
883
386
-418
250
-199
-699
462
-566
-896
-133
-36
865
-359
782
-553
800
434
-445
569
866
205
-851
191
529
-163
11
699
-441
399
-879
-163
-380
-857
512
-165
852
-820
-883
-911
811
868
-754
383
477
164
-184
-150
-791
-398
483
14
322
632
-554
-17
-769
-989
718
98
174
-792
480
428
-345
-124
171
-422
935
891
749
293
113
658
462
361
213
-131
-259
966
708
-564
-37
-413
763
-827
767
958
35
-927
-618
-907
-520
-742
815
825
-178
822
40
-494
-654
-830
546
273
-590
-342
825
769
-75
-611
-99
-363
215
-36
591
243
320
-198
-436
727
-419
-378
110
373
-752
745
-804
934
75
60
-556
-554
-964
-910
-355
760
493
510
252
935
545
-466
-860
114
67
-430
-240
143
-523
-198
-199
516
783
-581
-523
216
-43
-103
678
-59
-384
939
981
-557
0
183
-104
664
-706
-894
198
966
671
912
-477
-121
-613
762
-770
-858
868
-777
237
-363
-929
494
505
-383
-699
-47
-254
708
-636
-711
-406
-604
462
-483
97
277
349
-508
913
-178
657
650
-860
66
-987
165
-365
195
28
286
-166
141
886
725
774
-261
-917
-506
-363
653
579
-377
11
-13
-310
367
-206
-80
743
797
936
549
342
-918
843
-963
-996
142
-401
-147
-365
-533
-590
-948
19
920
527
359
-285
598
450
317
-74
630
652
-170
768
391
428
360
-953
-551
553
169
449
560
761
-415
-990
-409
-409
513
522
667
-361
342
250
-88
-545
-503
-965
-466
-162
-76
519
-514
558
247
-635
397
259
-848
244
719
-484
370
-839
-998
466
637
-207
-677
893
779
-304
-356
-981
829
-880
-635
-717
-495
170
-857
-601
-76
-605
-924
513
89
235
79
662
581
755
626
729
-65
497
-719
-251
725
367
-853
-905
-732
-377
554
-47
-467
390
-571
-208
-578
-92
-502
-197
-60
-619
483
-434
-634
-463
509
315
235
-813
554
339
721
-489
325
618
-557
790
-149
126
-594
-879
758
-603
-915
386
-173
371
125
-740
-13
-556
-879
-494
-962
738
434
-605
-526
687
25
184
507
-796
785
245
261
-197
-74
465
-580
-168
758
14
814
-18
164
256
208
204
-724
-251
-797
-643
-927
56
-772
87
-83
669
-446
592
-575
-474
403
410
-340
930
-488
606
201
752
-821
397
453
-123
-872
-563
-259
-261
973
627
-255
-498
-608
-724
-317
865
-60
-372
379
911
-912
-603
-789
990
848
-738
915
702
-736
-772
-831
-769
-682
777
140
-98
245
181
-998
640
243
-522
-455
612
859
191
-441
-296
-674
-652
-980
-764
-355
155
-344
-422
60
584
-509
110
-436
141
490
582
413
727
-893
129
705
-797
-990
957
-554
-971
224
40
-492
-407
734
484
348
844
-451
474
-455
-269
-372
-401
-116
218
581
704
-246
219
-553
-416
69
-787
515
-242
844
632
-775
-795
389
608
-196
400
-538
-732
894
-743
913
-994
-887
-558
839
-720
-375
238
448
-645
-715
-157
-808
-722
975
-46
-646
-14
-813
747
806
-971
863
142
821
-288
-336
-706
950
-227
77
214
639
602
-564
597
220
-113
626
768
-704
-87
141
638
811
-621
-649
-198
-793
-610
-373
632
-618
-299
39
-487
-284
703
702
171
472
234
371
951
702
584
-699
363
-334
274
672
631
-33
388
-843
-244
114
-68
-449
-585
-529
-721
-964
532
-706
-541
-671
-204
615
-819
195
759
816
821
-428
-867
496
-991
-153
-503
116
-68
475
-204
497
588
921
575
-291
937
653
-543
693
-338
-375
467
28
-772
-937
-383
-763
743
-99
-46
-883
-364
759
595
581
673
-732
689
240
732
735
212
-702
-813
43
-431
777
-39
-341
394
-640
-451
270
25
438
658
-452
-771
504
-288
-927
334
-475
128
795
-509
-430
585
491
750
715
910
-210
-68
-487
613
405
977
629
959
-274
-776
449
489
633
-320
476
675
846
-294
278
-231
841
-790
-604
266
577
767
-329
-381
435
-767
-852
878
-431
-634
29
813
-525
-429
-936
-72
-180
262
24
-894
-724
-912
240
113
-666
623
-581
-939
175
-212
-885
-224
303
254
972
-74
880
663
-77
791
564
-64
-23
-786
-626
892
-908
278
475
-290
608
-461
-684
-916
146
-571
-920
-806
-438
86
-531
848
989
-117
461
-618
-264
731
-388
560
961
-537
-637
93
-650
-190
259
943
848
-322
-848
201
-801
-361
-303
73
-214
419
-613
812
70
-476
563
-6
963
697
-629
-545
351
896
-812
-159
174
941
914
-961
-839
-461
-856
-466
375
-662
-691
224
46
-549
777
-661
-301
-648
339
-482
730
-622
287
508
889
652
-763
-188
572
264
-86
195
-772
-639
-68
223
-6
-695
368
915
-502
8
-65
-29
-171
-787
915
-860
664
-152
-542
519
-220
438
299
-254
-447
957
229
80
868
-148
712
-724
684
-988
-846
-664
695
-179
-739
231
80
-602
46
-231
-775
227
685
387
52
819
-592
-467
-471
-172
63
130
41
-782
-725
-513
423
-729
-469
262
-968
404
332
781
-172
-767
-624
-955
-205
-277
-558
157
831
-751
329
-778
779
-34
-327
-224
263
368
-439
518
656
-438
77
-392
-865
942
213
808
-871
966
681
-738
81
574
272
879
359
-354
-756
-507
76
-812
-945
-788
-81
944
-389
28
218
19
622
844
-482
824
595
650
-357
527
150
-433
810
-447
-40
849
-890
803
-664
-448
305
441
-45
-534
872
692
418
-388
327
-790
489
-502
-145
601
1
-217
842
454
708
-4
-426
-938
-144
182
-180
-928
-113
-834
431
-790
-846
-493
437
813
582
504
-831
-544
-909
383
-965
-787
48
384
464
125
-452
37
-15
-751
-746
-971
527
948
-266
-454
250
637
-115
-773
-219
-834
-310
359
313
820
809
-873
-730
-22
707
-769
636
95
-814
37
575
-126
-38
11
648
664
473
-775
-503
-566
-59
-607
-861
-864
-52
960
-647
216
-378
-773
564
-376
-868
-976
-371
419
-947
356
324
-131
991
-229
763
-33
237
30
31
366
-598
-879
697
-210
-940
286
-522
-773
546
-386
-187
385
-86
-21
571
-967
-760
-405
-383
133
900
638
-603
-528
-358
896
-584
-20
172
456
584
-205
727
-872
959
903
489
-991
944
-193
138
831
494
-981
167
623
-553
985
608
184
318
223
745
-658
700
123
73
926
806
333
-485
826
125
308
967
20
421
-157
-272
-320
477
632
-12
915
-91
346
441
875
271
-862
771
54
547
501
-627
-910
-397
-781
196
-713
557
218
799
-353
539
129
868
411
131
782
309
997
222
510
136
741
-265
-211
-217
-408
-486
734
423
187
519
40
686
918
881
-823
-878
-890
-436
-437
777
-910
419
-820
698
754
182
-550
908
22
-926
350
951
965
878
51
781
18
-52
487
385
-75
-111
33
-540
-393
-969
-217
245
-758
677
280
-429
683
-684
142
769
-513
992
731
-74
-38
104
-802
-190
-221
73
-695
733
-715
459
-459
629
798
445
890
180
142
-25
-130
610
50
-609
519
367
378
-218
-258
-757
-816
637
57
-176
-223
-264
289
-304
-927
-515
658
-834
-500
254
-723
932
-213
-396
518
124
-814
888
163
-907
480
-985
-227
-632
423
-97
776
777
604
407
-948
973
467
-923
-315
-146
-3
60
921
-287
724
430
-805
762
-310
603
299
588
677
150
-119
-941
-675
156
722
-840
36
710
-867
477
129
597
-204
-251
510
-779
591
-180
590
-607
39
556
439
958
921
182
-648
-510
292
-901
717
248
-771
-393
354
562
624
-198
89
-131
638
855
-382
541
838
718
-146
330
-555
975
683
-710
651
-14
618
20
887
-879
512
-99
988
-763
17
684
425
734
564
267
-203
-143
-459
-373
805
-834
147
-642
830
-387
-121
-540
953
-203
695
-391
-891
-690
244
-461
-423
-607
-84
-378
487
319
-638
-250
779
-140
-318
-593
991
88
740
410
-647
973
790
-182
-728
211
784
203
379
519
140
-773
112
522
-371
312
-636
399
-348
-333
47
872
100
-972
252
822
862
178
-836
-829
776
684
-337
590
-771
854
585
415
171
530
896
-659
-516
306
-272
356
-769
-753
-885
-562
-319
573
493
-554
529
895
370
284
510
-344
21
573
752
324
-381
-122
-490
-957
425
-142
-648
-468
-129
-474
-491
37
-223
-364
631
-201
-241
861
-922
223
964
491
77
-354
947
293
-346
659
494
779
859
434
973
856
937
-165
601
-177
-841
-643
851
361
-956
733
930
-300
155
-742
-607
864
-298
863
103
-259
-498
-914
-949
-334
-696
144
524
497
-231
68
390
-275
-755
124
472
642
-727
421
490
-976
-160
156
-735
-175
462
713
-171
-103
-230
-199
-143
505
713
-651
605
542
224
19
482
-862
-749
957
634
631
-259
-304
830
301
-954
-712
-83
119
-147
887
517
486
335
741
178
-231
-254
212
942
191
386
140
-953
-215
-118
129
-361
-370
-157
89
-393
794
693
-791
92
-876
812
-965
-417
550
-724
-923
-967
552
326
461
-337
-41
420
-904
-481
-789
-770
-367
588
-271
-594
539
839
-216
-547
-792
-701
34
770
372
-344
-426
61
972
39
451
-734
450
-285
-947
315
736
396
887
293
-656
783
-6
129
433
979
-300
-230
352
872
732
76
-268
989
-299
703
154
642
375
874
361
585
360
686
561
-650
571
303
638
967
-528
779
765
-825
764
-45
815
-25
425
-253
-133
-956
-990
-443
285
-568
594
950
409
-856
-586
-623
-455
888
790
-690
-766
365
208
324
700
-80
-9
587
-155
424
-373
-489
725
-653
-351
-159
-296
-144
-934
843
39
-728
-842
-552
846
628
-322
69
793
380
-286
111
-400
-173
-509
-961
324
110
-637
-517
-132
435
-956
493
758
-90
513
599
-203
57
-896
563
-541
-188
-902
561
-40
-762
249
-55
714
398
-420
254
-57
-518
821
-694
-734
-52
419
199
-307
-343
-453
280
-150
824
-828
-438
-810
339
-460
-992
812
659
877
436
-845
599
-46
178
766
-956
70
32
27
-809
140
-597
-518
-31
344
-769
514
-864
275
-239
235
120
347
913
14
469
269
417
-968
486
299
-238
115
-631
-196
-652
-541
-45
986
-254
-224
959
418
85
-657
742
950
383
719
-999
605
714
-492
147
110
-956
-644
335
507
-326
672
-486
-519
-557
710
-744
89
-599
-857
-545
364
605
-353
393
852
520
71
-922
-329
-87
-259
306
315
-866
16
-687
250
-123
-682
-439
679
769
-224
547
118
565
-413
785
-551
-753
750
-191
568
-320
-844
212
991
-516
360
-571
-964
-680
-436
-373
-994
904
-652
-886
-545
-55
460
-806
-292
493
508
488
-531
481
-567
-721
798
971
-350
726
-386
-630
855
-602
604
-876
221
-353
-38
-97
-650
-749
563
201
-823
651
670
534
224
765
544
-347
-146
-443
439
-923
455
527
359
-698
-641
-857
-815
-696
986
-577
-366
720
-963
3
-640
-384
-264
499
443
-916
-362
-401
-29
-889
-867
-266
-916
458
307
44
266
297
438
523
-434
633
110
-683
-247
-142
-845
-636
385
-869
920
-534
-806
305
851
-151
467
-731
-427
83
162
-661
117
638
-781
-821
397
-679
-946
-292
350
348
-299
330
362
-190
573
-271
993
-362
122
-787
779
324
474
-681
843
-704
-964
-74
-944
-541
562
-433
417
-679
223
645
701
72
81
779
927
6
549
-288
-644
250
186
-202
913
744
-428
-685
26
-468
644
664
-200
980
-471
60
410
365
-713
129
-574
251
463
-762
125
53
-102
-134
-609
87
-786
29
-369
394
-860
59
709
135
180
-983
396
182
327
-57
-522
-521
-838
-284
639
-750
224
410
535
568
316
731
823
797
-522
-746
-346
473
-593
-972
-565
543
-858
-714
-566
-148
389
-642
498
534
-252
-444
851
841
-578
-704
85
-23
-442
900
-485
190
-249
453
212
-994
-765
-830
22
-64
485
108
-879
-553
619
733
-655
968
-313
971
-353
-869
-818
301
-649
917
209
561
-573
484
-253
688
820
238
463
540
-177
-351
629
-544
-620
-971
316
288
-943
-474
685
693
-268
987
799
-785
-665
-887
261
-33
-609
-120
-209
-929
-803
417
-212
158
-210
-336
-522
5
-356
933
-873
-513
503
667
869
488
-706
906
113
-558
-635
371
109
-777
204
539
84
-728
480
-770
-984
24
10
167
-316
336
-611
-935
-26
-777
-137
827
203
-793
735
-948
872
903
537
-624
434
-244
654
693
624
441
165
178
252
-945
523
-570
-944
-660
-853
-956
921
48
231
853
515
941
285
558
910
-107
176
472
978
-361
-405
452
-215
-124
520
918
215
811
-209
705
-996
-383
-133
63
650
213
446
988
-348
-949
-675
-579
966
-888
-949
835
-157
286
590
-841
486
992
-267
-160
710
162
-954
365
20
-787
257
-972
77
273
-106
-106
572
165
-909
990
843
891
-942
-946
-397
-254
-787
-809
47
360
648
-427
931
726
-681
119
46
-589
409
42
833
-435
286
610
325
-506
-502
551
-6
-562
-702
-297
567
-131
-567
731
-980
888
-598
-655
186
-809
470
744
-1
-980
-923
398
-452
589
-560
509
889
153
976
608
708
700
852
279
21
468
-28
599
676
-373
871
-658
-401
-427
-140
-432
801
523
-301
462
-256
609
620
857
15
-553
946
437
-401
-215
-158
907
-203
348
-624
-61
217
155
839
936
-187
356
409
-693
-933
-488
349
-960
-241
235
-13
375
416
616
-553
78
81
952
104
596
919
590
889
-605
-738
381
-904
-730
-850
-493
-195
-890
677
-157
-184
-848
839
305
350
-812
325
532
4
-544
-501
486
-240
644
-824
-302
905
-894
330
-405
29
225
-374
-179
230
905
785
-690
480
962
-976
301
-849
-346
533
417
293
165
-175
-657
-587
995
-176
-875
575
868
-68
-555
-616
530
14
-465
821
-335
571
663
-907
25
-496
-693
880
-6
330
383
-319
-111
-678
-228
-302
150
474
499
-236
-493
-54
-823
-591
652
828
882
-836
-280
-242
-451
-155
-638
267
-543
699
-450
251
655
-214
91
956
-137
991
-385
-27
-448
683
126
851
-574
-832
-797
-521
600
694
358
-142
978
836
5
-533
502
140
-227
662
277
-729
-489
-4
545
571
-935
814
-424
9
-411
-678
831
617
-76
385
648
340
-17
829
668
777
727
181
142
-292
-672
167
832
-964
842
292
-155
-978
-499
-957
874
597
564
45
-590
-919
671
304
414
708
516
529
-324
-983
-274
57
552
919
717
-295
830
-488
-784
372
-976
-584
96
-98
278
-396
-50
-150
272
-523
642
815
-296
-324
24
-448
178
267
-938
841
-562
-865
762
907
291
203
674
532
818
243
587
-46
304
230
672
197
-102
-159
264
956
143
-667
-453
615
-495
822
776
-796
-868
834
-882
-97
220
-20
-97
185
61
153
-7
-907
225
-185
-392
-35
360
-153
204
284
-284
480
-868
667
-262
772
627
893
-81
-746
-213
-538
753
-839
-715
445
205
-282
-825
329
-601
-778
-542
74
-9
-513
-64
-202
696
-816
-568
823
-617
771
117
-308
463
107
268
784
428
364
696
-331
-771
140
-308
369
-395
709
43
495
792
18
-767
367
-653
-209
922
529
523
692
-756
901
782
966
284
-709
275
-298
763
-211
674
-272
999
670
976
-359
-983
588
-599
-620
-534
-98
-59
56
-819
229
77
725
-959
697
907
913
-135
-670
-9
-193
-821
414
-411
638
903
735
519
-790
774
415
557
883
681
-390
776
774
944
286
364
-660
-243
614
-634
227
482
-26
417
374
162
512
-436
703
-815
-109
-389
870
86
-602
474
313
606
477
116
-177
-386
-332
-982
-650
-974
844
-563
291
819
-673
-315
752
422
31
926
-173
113
629
673
-785
-838
538
-123
-63
41
690
-504
92
741
209
-295
171
281
492
-550
-997
415
598
-994
486
-648
336
556
488
48
-123
-20
-810
814
0
640
-558
-855
435
-394
-169
-176
602
-990
685
-611
568
8
308
793
-617
160
513
-617
867
-485
-767
-624
903
880
-232
-53
-640
525
-440
532
519
547
-523
616
-657
412
693
-715
-361
-228
-244
241
740
152
925
506
515
386
143
-168
647
78
-274
261
-638
-70
-856
662
-12
-432
544
389
-566
918
333
532
-189
212
469
552
-993
966
975
-449
-299
-65
58
-751
905
691
-642
-513
855
1
-416
685
452
691
-320
-722
283
-693
104
65
951
673
759
-1
-925
953
573
-811
-266
-296
-330
679
-440
743
626
-348
568
979
39
-933
-964
-853
614
313
987
-390
-812
358
689
379
573
603
-978
-477
607
546
-266
-465
261
-977
538
269
-717
672
650
305
459
797
-898
-31
577
227
931
869
-215
-396
419
-437
580
142
837
-925
-910
-345
257
864
-6
-100
460
709
-8
-473
-928
263
119
-575
702
-579
-321
568
129
591
-489
-423
584
-782
324
-304
-421
-429
-974
-384
80
434
255
421
777
408
498
-989
803
434
-750
881
222
-777
-352
-919
149
527
646
221
-276
-154
526
-266
-310
-44
-675
992
97
-642
913
-357
-702
61
289
-203
584
953
213
7
612
482
167
79
717
-744
296
118
-295
219
989
775
456
304
-27
558
54
776
738
174
700
-689
242
284
-719
309
927
156
164
220
-85
-17
-38
331
-407
444
-40
41
883
584
-879
-437
-303
-577
-877
851
-780
-855
-334
-339
-305
-87
192
-800
-297
-750
-618
-13
499
547
-314
-388
-294
-220
-234
-846
695
990
296
162
564
-232
-419
820
521
-245
242
-230
99
243
-620
134
-898
-298
-739
-307
-477
479
512
-171
-619
-464
-86
-81
611
66
825
963
-193
983
-298
102
488
3
-358
-523
-949
269
600
-353
555
294
998
-588
-10
58
27
311
-429
-650
818
301
391
-957
-494
-963
-184
193
-409
-527
-161
776
-731
-805
-757
-938
511
485
-485
847
415
-231
299
670
747
251
-538
-475
-170
-424
-144
-660
-429
721
-693
-859
-574
361
-472
498
601
-584
-960
-963
670
-138
318
79
483
804
-143
-454
754
890
-636
-447
-114
-761
283
-130
767
-587
-323
933
-435
287
-509
399
-69
95
156
273
-122
23
-270
665
518
808
192
-440
212
-965
608
855
162
-486
-778
-500
149
179
-798
-285
-953
-733
874
-566
-533
-512
42
-553
523
198
248
880
497
-631
-850
107
-894
-318
-663
-31
603
424
-827
78
947
-326
-58
-134
-615
-398
-802
772
721
293
-773
198
530
-266
-904
483
967
624
376
-680
24
891
237
997
223
-543
127
373
403
389
-113
-141
77
688
-719
-38
559
-488
-502
776
665
813
130
-366
925
346
-41
-616
652
-994
269
-365
-240
690
-276
-524
-817
948
-378
-404
574
411
-74
-909
-567
-572
906
-256
583
-485
396
710
26
667
690
440
82
-287
-516
415
-104
-339
-801
994
-501
-251
878
605
-716
-704
-861
578
160
-388
34
-281
-239
124
403
642
-55
-890
93
358
165
244
564
-435
498
444
-225
600
-248
608
189
737
-638
-502
725
799
206
-729
911
-286
500
452
-610
-17
-57
-122
-318
588
-960
599
465
424
-185
507
-234
-683
-373
249
864
-873
-630
-193
-367
-832
21
-315
-237
-549
911
769
510
-703
-476
-522
-621
-957
-931
-134
-88
188
798
661
87
489
-156
-728
615
399
389
-317
-857
480
-55
-397
574
-377
-426
-583
-728
292
902
418
-465
839
139
-635
439
-204
266
-132
-162
351
227
109
-146
-274
192
126
802
220
776
-395
-949
330
-877
868
373
163
672
-625
510
357
-499
328
-918
92
-795
-230
604
73
906
336
-559
-779
-424
-978
210
202
-922
462
-20
-243
-391
746
42
-416
363
-127
238
923
190
-422
-221
-366
983
853
760
102
626
-284
196
-40
-599
146
-385
879
879
246
-181
-986
-387
-846
-89
59
795
-338
148
132
549
573
119
834
342
-906
-722
692
856
-659
185
442
-26
-338
968
-138
-557
51
12
-403
-401
119
631
-714
-6
810
482
934
-832
943
-937
-205
621
202
870
-46
592
-241
-830
-458
346
204
373
916
192
69
-35
42
-116
-926
-521
345
895
-942
-245
-157
262
-383
313
15
-215
260
-42
-307
927
-141
850
-765
-1
-291
-500
731
-779
900
746
-356
-877
749
1
-920
823
13
-797
-719
-314
631
907
-536
-303
-989
134
325
-112
909
575
203
-328
-426
-103
367
-17
-140
-858
-269
-171
723
801
-600
-291
-173
-86
-506
-429
-630
-318
-432
-516
-126
509
122
823
944
539
-38
803
-599
-939
985
-604
814
424
-97
-404
-358
-561
-998
334
956
-100
-490
640
810
-601
-331
-890
-917
-262
-347
-234
-126
15
-479
45
22
565
-48
-21
-339
-793
-426
-691
-833
-718
256
-510
176
-779
-65
180
-701
-173
40
407
413
-37
499
724
-342
177
808
75
625
-972
609
-661
181
-567
426
514
866
89
-680
-125
-23
434
822
689
-91
732
949
-265
-488
559
322
-122
448
-936
855
804
324
542
456
-150
-205
-412
-354
-52
-293
562
971
-348
-289
-432
-927
642
246
126
-416
-13
57
-825
-29
164
674
846
-555
-178
-822
171
191
146
702
-114
-260
631
-204
-377
-232
-669
650
935
-198
324
537
-782
994
691
-835
-148
-170
749
-152
92
982
-319
-248
283
248
963
-561
125
-137
-21
500
516
739
503
802
393
985
-260
-23
-658
602
343
-328
-91
-118
641
-821
-535
38
876
-709
566
64
-780
369
945
108
-870
807
33
-967
-289
-5
-930
566
-910
323
-443
327
864
-871
-558
-916
-968
-405
290
-100
-261
618
422
-333
-521
499
101
-678
396
-272
-840
838
426
-614
-838
439
894
-83
763
457
-919
296
-292
919
-364
972
930
-894
-498
729
219
172
49
-442
-366
-270
-144
6
-885
867
541
-52
-746
-579
-765
-500
-737
-116
-278
-449
389
475
447
35
-82
738
879
659
-356
963
-257
645
590
-560
-780
700
-171
498
729
174
-89
-45
21
-56
205
792
-126
-642
972
-793
955
604
491
973
-183
897
-994
851
614
876
776
100
149
-672
-809
-952
-451
974
-538
858
-735
-509
302
-640
-273
142
-11
-641
-344
889
-329
-642
913
511
381
9
-538
-300
-178
197
-969
-265
362
686
185
-353
-883
689
-867
-122
-143
63
-687
-589
-929
-921
271
-217
969
854
-692
395
154
177
653
663
-179
-860
494
842
-447
622
-182
-370
97
677
-690
99
-708
-75
-410
-136
520
514
-830
290
391
-959
204
-950
-345
-525
-985
-913
42
218
22
-573
862
574
-227
627
161
558
-703
335
569
549
-358
917
14
-657
278
93
305
-79
71
315
-23
900
42
-608
680
746
-849
346
561
-814
-872
-106
203
67
-473
308
-639
-695
-204
-496
-337
-646
601
-279
939
376
-728
-883
-341
-705
5
-869
624
497
670
-214
774
516
968
861
-350
576
-380
940
-467
-44
625
-394
-542
-665
-663
-494
-2
714
-95
-937
-480
-437
-800
-925
689
-69
-514
97
729
-97
327
-418
475
-467
623
251
-816
826
131
-839
971
-976
662
939
553
-364
426
593
790
-269
340
-623
7
-866
-985
724
194
92
-993
-91
205
-600
648
651
765
-458
60
-961
584
-828
785
257
740
-573
18
-133
-923
-106
-472
361
-855
-546
346
-329
-620
-244
475
457
722
-973
68
-94
0
-499
184
643
976
904
-264
-237
-858
-963
722
57
427
109
565
-206
-743
-723
669
-145
-279
-337
-417
-132
908
290
-752
705
877
-578
-99
314
-28
-157
443
-86
-911
-530
135
-388
390
597
763
-321
527
145
-588
921
-332
-989
697
-92
-917
782
-290
323
915
248
-157
-686
647
291
-792
-487
886
-968
-328
-302
-758
-843
358
-816
-673
555
-675
-903
-884
837
627
-77
370
-261
446
-713
-91
560
425
-485
844
-251
102
990
718
476
-339
-372
-85
987
-761
-808
395
810
608
-283
-25
-594
-695
-544
917
-555
-774
-564
-201
-497
97
193
-255
-1000
428
-590
339
-802
606
139
-887
-767
-258
-911
-119
985
897
-226
-515
610
916
-363
144
122
-376
-282
220
235
111
101
-513
645
-276
-617
-946
152
-142
799
-849
116
-94
-559
-60
506
-463
491
-650
852
454
124
-462
-268
-365
681
101
-891
-591
343
-148
472
818
186
-255
-132
911
734
640
-944
343
670
-204
-557
42
-915
-464
863
366
606
-717
596
915
198
-523
879
335
-350
-55
799
-957
-903
146
695
-1000
-992
-424
-147
-826
460
573
-259
-624
979
374
134
205
-7
-25
-763
448
797
146
-760
-263
429
711
-57
-200
774
-126
974
-233
-947
860
-682
-418
-125
-145
719
-53
131
-446
755
120
597
336
113
259
-517
-419
224
-802
372
-630
620
-98
-613
-477
488
-599
490
-824
-343
-708
-58
-506
-43
-214
967
-425
-671
30
559
-708
796
123
-521
548
-317
411
-944
-598
-871
-797
-873
726
194
-45
562
-922
-426
946
826
-445
-774
-372
-290
-898
63
-218
-393
-13
3
-118
-929
249
706
-186
343
-401
810
-778
-233
-531
907
-760
-20
655
264
-916
147
922
-683
619
421
-565
373
-223
-48
-136
344
-213
-794
-530
903
864
999
311
255
-864
424
-35
-235
647
-194
-707
311
-718
184
-955
698
-422
-582
431
-941
364
-480
-731
-39
-921
-447
200
-820
-847
-827
-798
-469
-84
674
275
-288
249
409
551
438
572
-629
-877
431
-117
45
-394
-151
-162
-824
647
-240
-912
-947
-912
-884
170
-746
-930
651
96
473
-14
-595
232
-150
-123
-415
-331
613
-57
-547
159
-235
91
-797
466
809
873
-337
366
-982
630
743
290
311
824
-633
-298
-287
-867
-480
-311
182
-716
833
206
-996
143
-445
698
146
-671
953
960
689
127
-449
887
-539
-77
48
327
-419
702
-844
-199
-202
-409
571
-596
690
355
-512
16
835
894
846
697
379
-460
-935
210
-734
307
62
155
895
-538
-72
-919
925
461
547
60
338
391
815
-502
141
-817
-240
-803
-523
-897
-540
245
118
-928
696
-724
-599
264
307
-469
110
809
53
445
-746
-262
277
-47
704
108
-330
591
709
632
-868
388
-125
-284
-431
-495
-644
-495
503
531
157
-804
-601
444
-618
-281
-649
-872
759
-84
-920
933
-752
-677
222
608
-404
-161
-502
500
-688
-711
410
996
739
633
-120
-182
-138
999
-987
-278
-484
941
491
751
-976
519
-437
-817
-84
-234
-699
749
-782
401
506
951
-751
-122
-529
-754
640
829
-776
198
892
114
-162
-595
-518
590
-790
-895
-923
553
320
-763
901
532
436
-725
-959
330
-906
-447
677
-405
-520
-395
980
-147
219
-829
-882
929
-614
-626
659
15
-883
963
-625
-673
-496
-408
-706
551
640
692
521
57
435
-117
-899
-803
-336
860
125
-451
-411
773
520
-625
-497
816
746
225
36
447
-389
-353
324
911
231
698
-288
-701
496
-445
-319
-527
-473
-736
331
-636
-725
-360
-748
-970
-806
144
-364
-426
-871
887
-414
718
450
-483
-288
416
-891
859
-977
364
791
222
752
-418
-686
540
-101
-584
978
100
-656
-99
-974
-709
-289
-395
256
940
280
-720
-335
-582
-1
176
-543
24
62
313
-220
669
-236
972
216
995
982
-674
449
-577
236
497
491
-693
740
310
-386
614
-792
-613
-145
503
-853
-101
810
943
-476
-418
533
69
-661
-926
259
-466
-19
300
-93
-865
900
-886
-140
-727
-933
-226
418
-678
461
528
980
460
-500
506
-617
-980
-784
-562
-292
-440
-475
-408
-507
623
-156
172
-404
365
-96
998
-449
242
293
-262
741
361
-295
883
25
589
-407
-894
-115
-197
-362
-296
-928
-137
-918
-209
340
-650
611
543
915
601
467
-576
248
-815
970
-480
-898
-53
-929
-773
-817
-480
77
-548
-214
431
-682
23
584
1
-806
41
786
-964
-133
-372
352
213
-169
33
-606
-353
812
-340
186
-562
269
-814
621
-587
784
-932
180
370
82
-630
-431
-482
13
-698
586
-289
-252
-916
-170
313
108
-555
-255
-170
933
-849
550
-187
664
-38
354
-769
139
-965
191
-492
932
54
-92
-599
969
354
592
-342
121
906
-939
-878
904
-452
-194
35
-424
705
-986
-985
1000
-957
-140
471
-679
887
-623
415
494
521
51
-257
-140
603
853
-165
694
-515
-54
-978
-55
79
-587
-621
-26
-181
253
-987
-33
246
-191
453
264
-887
-442
-576
-807
535
-503
-932
983
436
5
503
260
-757
-811
40
-754
391
539
-210
-254
-616
-630
-71
717
-872
-837
-64
-619
-86
-367
868
-261
843
484
-472
757
549
314
752
824
594
106
-338
-656
276
997
-271
108
899
-682
-826
-821
794
-252
165
855
619
273
67
-505
-892
895
396
68
731
-501
-980
281
581
662
221
-967
-829
-625
-804
-294
420
-857
-959
-173
797
-590
361
666
-650
978
204
671
574
343
635
-300
-811
-818
734
-214
143
49
-118
-385
-162
-659
812
153
-501
415
-890
787
784
-2
77
-493
-680
-544
334
277
-908
411
626
73
469
-755
746
-347
-526
606
-580
-418
-412
514
-532
-748
-403
-991
43
-339
693
811
-8
427
-629
-805
202
982
-439
176
161
-558
-494
382
-248
529
-134
433
-27
-631
971
-601
924
766
22
-956
-422
515
678
-845
486
-357
627
-337
-948
799
-284
160
37
407
-195
764
253
-421
625
-544
823
114
893
31
786
708
309
506
-707
470
721
-312
798
-245
744
810
-811
-30
-401
532
-850
-738
-156
-321
-86
-614
-265
199
-477
478
-58
-593
-87
-835
221
553
782
-572
171
-698
403
-164
-657
-789
-178
23
-823
39
524
-850
-29
-796
-24
24
620
419
-535
-429
128
-201
232
-36
-710
-222
-844
342
843
360
658
-224
453
-525
-420
-980
813
597
549
-861
-317
-855
585
488
-686
-714
-925
555
691
797
-590
746
-731
185
-626
495
-566
-970
-56
-936
175
902
187
-676
41
101
-498
-921
30
-72
-537
-616
-686
-462
507
-347
-722
-34
-891
-216
286
470
-734
-380
639
288
963
-296
-389
-873
-347
724
821
-390
-385
-808
456
-837
207
517
-565
82
353
-239
924
928
756
861
-330
817
168
-752
506
757
-697
635
610
-561
537
160
-767
-556
-436
741
504
-275
555
871
614
-925
486
863
626
700
-958
-729
539
934
42
842
-643
-1000
-795
731
-279
425
-645
-80
35
-558
280
542
212
-579
498
-755
578
-676
82
-378
93
896
544
-197
118
-603
622
-769
-762
828
104
359
-763
139
149
-563
-68
-662
226
540
-994
-86
-269
718
655
91
-691
-532
-757
653
404
-763
-636
505
-394
642
-7
191
-763
-568
-980
-649
-193
-370
-810
-265
744
814
-900
50
-962
-768
31
710
-807
328
-369
786
863
-92
-264
-497
-711
-334
-514
-822
26
-692
-215
838
10
-257
-575
86
-643
-991
-348
285
-223
-71
897
382
-76
-474
981
100
745
281
-748
-229
852
-975
-224
362
754
-876
-88
647
-627
462
-936
-115
-664
-59
272
-133
-345
-588
893
-343
889
793
-437
686
-756
989
-870
898
-86
-177
-363
879
-1
-339
892
-847
529
961
405
-927
767
190
253
431
182
676
-794
107
-157
-268
713
553
236
-515
-640
134
-973
670
-512
771
-902
-156
-74
-657
855
446
-952
349
-333
-65
133
468
-880
828
613
-297
63
-747
-191
434
736
-892
404
-77
281
528
-593
-115
9
-612
395
961
-666
103
670
213
560
-338
62
569
26
-118
-162
-520
706
-413
-410
281
-997
-10
727
51
305
-223
-992
530
-321
-410
-764
-37
-367
675
763
633
-645
-794
734
-306
974
454
436
-69
-61
-954
-210
-569
23
-76
-992
-146
-996
-396
294
-789
-872
303
329
620
-803
63
-114
-717
617
756
-693
-347
-701
-709
271
-753
633
453
-99
-902
-775
388
-249
966
-865
-557
161
-304
-147
751
71
-964
712
106
-811
100
-830
-141
563
181
669
-634
-999
-119
128
87
-637
481
-444
-644
711
601
722
759
-22
890
690
-922
708
-424
-297
395
180
-864
-191
495
-894
-345
-561
-669
381
-418
665
225
-904
-167
650
-512
407
991
723
-631
491
654
136
362
57
230
919
467
-389
966
963
-625
-214
-486
965
-280
-782
-308
-41
712
-85
10
931
-893
-521
717
860
460
-883
31
57
-342
-153
-268
-971
355
962
502
-519
-976
-505
-963
632
-355
-127
-248
-154
460
-16
172
606
682
-320
-602
814
-660
-411
-821
-639
-110
887
207
-695
-542
699
-235
106
965
548
-907
43
329
80
900
-798
74
828
-694
-29
-683
-971
232
630
-77
965
-895
-111
-815
-725
36
170
-954
-805
-226
832
-244
-18
-795
503
955
-849
454
659
-78
-522
-181
848
-283
-799
435
-810
-134
670
12
483
-234
565
-332
-220
-992
127
-243
-208
289
633
-796
163
-906
-397
190
381
-851
-8
-439
599
671
-681
225
968
329
-868
-807
721
-791
743
-292
440
-190
197
62
-723
353
753
-806
-286
542
375
564
125
-322
803
363
416
-227
403
-226
-679
-108
808
697
-84
-957
862
-382
666
-960
331
-815
351
455
-274
695
961
212
-202
-985
-440
-160
191
-94
-813
-132
-426
155
657
-130
-363
890
-208
-9
832
-787
683
671
488
209
-270
-751
826
628
-661
72
280
-729
726
646
273
-236
-207
895
-265
955
500
-795
-684
-153
-238
703
767
-221
-6
461
-110
-658
772
39
-676
144
-459
-526
734
-592
-201
458
-989
-545
-776
693
568
-324
-792
-278
-633
-276
-662
34
264
-850
-24
-133
912
-677
-200
-453
-971
74
-533
-162
943
-907
-138
-83
-791
174
232
-758
814
-605
2
-17
-897
257
339
823
227
-559
-81
-391
931
-573
809
99
-188
-843
936
-858
-222
-641
-398
617
314
-536
611
-417
358
-398
-982
-807
396
358
991
462
-793
488
588
-843
905
312
156
50
-543
-368
-857
-876
524
-219
785
-192
621
288
935
-422
669
432
804
485
-402
-482
-950
-777
919
580
-411
731
-166
302
53
-868
-929
-639
-800
289
-773
45
-953
447
-139
991
-687
-992
626
-700
706
175
-995
-897
-105
-230
181
788
339
587
-737
205
-149
956
885
781
779
938
119
856
-828
562
744
-351
-30
-832
-939
561
129
509
-112
-995
-317
531
549
598
231
-500
254
336
-271
23
-208
236
404
963
-308
-570
-504
-771
546
353
-949
70
143
-290
162
-666
618
-945
807
939
261
-477
-112
565
151
-689
281
-50
-325
-722
25
738
123
980
422
-205
359
-689
-722
20
405
-227
-952
-215
-670
652
-671
828
681
-970
702
-5
-931
459
-701
-539
-917
647
635
-483
155
-444
-989
-181
682
444
-728
-667
-687
749
305
629
-859
-349
-990
-715
-728
163
-879
565
95
930
-487
316
220
468
755
-503
-743
-773
871
-792
-96
-136
580
487
466
-270
-864
617
237
994
-433
-710
-333
789
999
205
-60
-347
689
-192
-126
790
-875
-780
116
63
-923
462
270
324
-342
-829
437
918
496
876
397
669
-324
652
-220
366
166
301
-143
-709
840
-558
-939
-757
-114
-835
802
-321
274
-248
853
427
-954
-293
561
-35
881
239
-464
-523
568
583
495
-739
-28
452
734
-531
-748
-215
893
419
-861
-188
-217
88
-825
409
-413
639
-315
677
788
-99
-330
571
22
-425
93
782
198
207
-786
-119
-15
61
-864
299
-495
250
263
-483
962
-525
-864
-490
137
54
-202
-98
-35
-861
582
-371
655
-211
-155
-470
128
244
-632
501
-602
844
909
-524
420
504
547
174
419
-581
-469
530
-630
-893
53
-624
543
-537
206
326
491
-584
-633
-723
-947
752
-26
385
-796
-3
936
-283
73
397
618
505
-833
-831
741
-445
-834
78
-448
-581
219
-256
802
282
-605
932
410
-882
774
948
229
-956
-223
-601
994
597
-136
455
318
-32
902
-427
-131
338
592
-324
-944
-115
-627
-874
679
-335
-235
470
-103
-437
507
130
450
-129
629
-566
625
-511
475
106
-110
589
630
-887
793
-307
304
-789
168
-16
-329
755
-248
-69
700
986
501
971
555
-441
-762
-98
297
890
159
235
776
-416
-685
389
-241
-860
-614
58
-11
353
770
371
-326
-778
473
-247
-324
774
-522
-599
295
645
817
-252
236
-954
-316
-499
888
781
306
-494
-91
-759
75
-699
-412
3
512
604
31
-343
-563
378
-665
-372
-994
-912
-967
-694
859
-566
606
387
645
684
856
101
836
-137
-77
446
-730
536
939
-71
651
43
959
973
58
-685
370
670
-252
914
-357
421
44
-6
-798
481
-855
-993
245
-309
-24
630
524
-580
-592
210
142
-787
743
-221
194
338
912
543
-425
-693
-491
-502
468
-548
489
263
628
-434
-515
-287
462
-864
987
-257
447
-851
-516
-827
890
64
481
-283
146
-244
968
545
746
667
-571
722
840
-258
-663
231
368
-276
527
962
807
-191
859
-910
-69
210
377
326
661
-122
953
-593
-471
683
216
161
-840
462
-319
351
844
-648
306
-533
-848
773
987
556
-999
977
-841
-247
-12
428
-638
-67
74
-971
-316
-292
-22
537
603
745
-165
204
-1000
973
-635
449
17
227
-574
840
-491
-102
-294
-491
-936
-888
-748
-339
-237
-989
-739
944
860
-654
931
685
-121
-808
-308
-477
280
984
556
-816
89
757
636
629
-962
-299
-990
566
580
-128
-193
-329
844
-303
385
888
-449
277
81
-424
-885
-113
722
371
-531
-379
402
-38
290
-36
-387
-77
-857
787
-633
-449
303
454
173
-917
-22
815
-79
494
-342
-229
-955
542
594
-824
-316
128
-178
-565
-819
-644
707
-518
810
-577
598
833
-89
-199
271
-794
687
-63
-6
728
-821
283
824
6
199
378
-241
-215
196
-43
-880
-724
-296
-600
931
122
495
-880
37
500
-109
28
-579
786
671
370
-129
342
906
-793
-740
979
130
942
395
185
306
795
289
-180
756
-750
-127
-189
465
-343
445
-429
-57
657
5
-226
209
-871
451
-30
-297
-226
-593
671
641
-188
383
369
963
-121
-140
253
-279
311
828
733
66
209
238
-244
985
769
897
-235
-330
-559
-230
-440
9
-887
990
-486
143
-934
-692
645
709
-840
-372
679
16
324
964
556
166
407
843
-622
431
453
-999
61
357
931
979
-134
-293
522
684
-147
719
49
184
-253
575
941
-114
-550
-64
-390
961
-410
552
-831
44
750
-705
656
-307
-869
132
185
-399
-295
-328
-358
956
807
531
-670
716
954
886
402
55
-981
333
-983
-558
325
-921
-941
116
757
381
59
171
-473
639
-523
-594
-263
-883
216
670
-956
-287
496
765
395
-269
118
343
-692
554
634
-733
-511
297
153
615
-915
-384
584
-116
-789
939
-435
-812
-569
-773
684
-32
713
-721
382
729
-684
102
311
178
390
-679
377
-53
-540
831
773
568
-648
-923
411
-272
806
65
628
-893
1
-659
-358
-328
701
-262
-283
-769
440
993
-594
904
-642
-611
-842
-817
511
-512
405
-397
558
-602
295
-763
388
304
952
371
833
-335
879
873
311
246
805
-806
968
-292
380
-274
332
-862
-649
866
72
849
-805
-551
-141
-836
232
358
-895
26
971
437
564
797
869
698
501
-565
318
-280
375
518
104
-974
-412
366
-437
-681
-614
43
-192
-746
979
183
-974
-157
153
-485
-182
921
-182
-912
990
-132
-557
-419
-635
829
-912
952
197
401
-491
-438
-168
884
-398
-660
720
-914
-874
-512
153
765
-975
432
-914
-911
-338
-392
860
911
-79
-530
-55
-612
579
-289
317
-283
739
-383
247
52
808
-312
-399
-855
-698
798
203
576
871
412
-323
186
717
69
810
-161
561
225
318
-214
-93
-513
-915
-346
601
423
543
220
55
72
-814
-755
-901
939
49
-34
-331
-204
-67
-81
-360
668
-732
-547
-83
-64
56
-298
-948
-80
-793
-38
-146
77
872
-640
-47
543
-509
657
-191
775
-993
-817
-136
-422
530
-372
-794
170
724
-393
-191
959
-718
-491
-943
774
-546
-74
197
882
-611
587
-381
-852
625
891
-536
-290
691
-547
-372
-805
-750
505
392
492
212
604
-847
861
724
-947
960
-935
-195
940
623
-246
-572
-45
786
-21
58
983
-463
-301
173
-663
-633
759
925
871
869
-982
541
-715
630
127
875
505
-177
-907
-485
570
461
228
529
-55
180
884
-620
-371
-400
-569
-787
-819
118
-411
-780
-70
-953
-798
903
312
-850
715
10
214
-695
59
-601
196
-200
109
246
280
-163
155
410
-148
-513
-966
-944
557
-193
-322
-104
601
69
-691
-437
132
-426
595
-800
-498
-636
