10000
346
724
303
-761
48
-918
-463
-483
154
94
-693
-294
747
-583
628
-489
-91
-520
984
94
-225
-79
-50
-67
-260
-990
-457
-662
886
170
-119
284
9
385
-525
-570
594
-326
854
-889
-138
136
333
852
-210
454
325
-748
386
242
-406
-239
513
599
418
80
-185
-567
-630
774
-429
-380
-887
-386
-613
-633
356
-807
257
-454
282
-13
-620
-690
582
-741
509
209
-512
-457
-730
-353
799
-199
-667
-647
-565
669
-210
-779
-916
-837
719
-992
619
297
494
640
0
-292
721
592
-750
-746
15
-458
-905
90
947
619
-865
-962
190
-163
-651
399
-860
-111
-338
-904
558
877
168
665
-61
-541
259
98
341
-516
-147
371
588
539
-537
26
180
-212
424
582
534
271
35
102
-843
555
681
-155
-854
184
-251
30
892
-490
939
-53
-623
585
-78
251
193
348
-427
-485
648
-418
-143
790
923
-67
19
255
798
-662
-918
-98
44
162
209
-103
374
-637
987
912
-727
981
796
79
240
244
475
-564
-947
150
923
-135
520
-914
340
-878
-138
-23
692
-321
528
519
159
-521
80
-802
526
36
75
323
54
-426
590
676
-450
779
972
-798
906
-658
-783
-39
676
-513
-611
-580
-226
-777
-368
852
787
955
-140
634
436
-724
-527
567
-671
-163
380
497
-886
-532
-675
596
17
729
-920
691
895
-715
500
105
270
146
-326
892
304
-971
860
-498
830
-871
41
717
277
-341
283
231
-609
407
947
-364
-576
-189
961
470
289
535
-931
-328
379
135
-319
714
-436
-4
110
504
436
-271
-949
-75
-633
442
660
-563
641
-750
-677
-209
-287
971
-29
402
-603
-626
-692
591
622
-690
-986
-77
-98
556
-248
318
-315
-288
-930
28
-925
761
-114
528
872
278
355
-869
985
-865
943
315
-215
668
913
739
-105
442
-758
-904
90
357
335
-769
-738
352
69
833
794
266
-494
-77
-354
4
-627
381
1000
-264
-802
-78
436
-84
-40
640
-192
315
-945
335
73
-764
389
99
-221
960
-964
-403
471
-1000
-136
130
436
-745
-378
-841
239
-806
-546
-107
-510
580
-545
-71
291
-22
358
-576
-941
-606
402
742
676
-570
914
-350
498
-903
-383
-717
436
933
-918
818
-488
373
-395
-969
-412
-537
-814
-894
-662
463
-891
170
776
286
-354
-225
-279
949
929
-913
-426
603
-238
640
-338
8
-870
-888
261
-605
112
571
-970
217
-492
-638
-52
916
771
-20
504
-783
-435
152
-153
-619
588
-477
891
934
-929
329
-387
-177
-648
-995
-74
332
-408
975
796
288
916
786
-442
-167
570
-45
484
-564
-205
-830
450
-13
-605
-687
-784
-276
-828
292
928
-515
-482
784
-873
980
726
-674
-971
156
-25
745
947
797
-229
285
-465
-259
-135
582
111
-582
-624
-600
-828
24
542
-242
-389
631
-254
199
67
-235
543
-444
-386
-87
810
-936
-454
507
-110
-536
898
-598
-28
110
-138
571
513
-947
-221
833
-432
454
-172
432
507
-67
358
-804
131
531
447
614
-601
-638
-436
213
-988
874
-151
701
152
-602
438
-410
540
-408
168
162
897
-125
-470
450
-21
-162
908
-583
-900
-440
-854
-428
650
-40
199
-900
22
221
516
819
-489
-25
78
-429
-67
692
977
319
-23
-9
-188
555
613
457
-887
-943
956
543
-129
461
581
284
97
-258
-890
931
-323
306
-514
-888
-244
-995
75
854
-997
966
160
155
-173
846
559
281
437
414
-253
-44
-36
-435
762
323
-178
469
-428
-824
-500
-467
-558
268
-663
-980
-319
838
379
-836
-21
141
525
-626
224
660
322
628
512
-433
-182
-286
-240
163
790
-64
-932
420
-388
545
-529
-455
996
-581
633
123
124
286
-555
399
326
92
-21
-785
357
788
766
104
170
535
-981
523
-881
53
-852
-948
971
754
-707
-772
247
222
164
-248
-478
-596
783
-96
-499
592
32
964
-159
57
-56
-644
-535
385
-739
700
-304
550
535
466
-387
138
-45
509
-526
477
547
-26
-431
480
-40
685
-427
531
797
-338
217
-239
-767
-274
99
-200
56
454
454
192
-709
-240
937
306
-968
623
286
-933
-402
424
-736
-61
850
-79
192
854
959
540
313
630
-548
-865
-187
284
-860
206
391
833
-734
-907
955
533
470
-817
-489
524
-189
174
-369
-805
930
-694
-733
-624
30
-863
-303
-871
-100
250
675
-264
768
-936
-417
-145
351
-974
407
985
786
-707
-97
556
-33
-262
-712
183
189
-446
853
614
-924
-882
-377
-884
-522
-396
-119
512
-64
-661
-28
267
211
-250
-228
-340
611
-883
556
-436
-991
-363
375
417
870
-757
693
-421
-427
-623
-869
393
-196
-347
-391
-476
859
887
-209
-689
220
-617
-588
630
-469
-985
-628
-898
690
227
-69
378
-394
255
-699
677
999
382
-720
304
-720
-262
-250
-754
251
-606
944
326
-104
-594
684
823
-742
880
-300
-413
997
-988
-911
-999
553
-710
978
-247
-108
-354
964
670
455
-576
-754
301
379
-311
70
973
-76
-545
914
-242
892
-870
-900
-727
-132
-623
698
-172
791
-475
-820
1000
-20
-352
1
-54
-955
118
-404
108
755
-419
882
854
-798
922
328
345
834
574
281
-997
-377
-625
892
-57
502
100
83
283
-491
-984
150
-579
-990
-617
-877
-806
912
870
-703
-759
859
-88
693
386
58
241
527
129
-378
-734
40
844
800
482
-790
102
879
896
686
134
941
873
565
642
-347
-744
35
461
-242
-816
-532
-288
-971
-580
305
66
508
905
-533
149
-278
-124
-159
140
56
-622
-235
330
728
-108
-787
-34
275
-790
719
534
-726
-654
-686
-854
-999
954
-706
-616
15
-629
-393
-236
-603
486
432
854
-644
-668
451
-902
-125
49
284
658
-308
-64
-792
-203
-276
-605
-862
-486
-267
635
-813
646
-241
155
-592
-528
-830
-408
-86
-590
616
825
627
-287
-602
452
-688
-80
-817
70
-832
216
811
-612
662
-156
-55
-388
193
285
632
739
-325
-322
-896
351
240
-52
-558
572
759
-937
955
-731
782
-993
749
633
600
952
598
-972
19
981
-765
412
337
51
255
-395
-997
-922
-895
-651
910
-81
-844
-56
225
534
535
-215
-266
814
718
509
232
104
181
-411
-736
-750
-91
-629
790
1
901
558
117
609
-830
633
563
-229
-607
-938
610
572
446
-414
343
-875
673
620
-731
-444
-292
-708
-622
-96
797
464
633
386
505
91
865
85
-179
-986
-16
-912
369
708
244
-382
-993
949
-586
-929
367
-751
445
248
-692
57
-116
-180
-312
173
248
529
91
676
-675
-651
-522
-420
842
517
-728
869
-615
-578
314
-906
-847
512
-834
-596
105
593
-554
498
-419
483
494
-30
-340
80
487
519
-446
-768
-503
236
397
-79
672
119
649
-115
-956
231
33
857
551
382
13
-52
711
706
251
-233
769
492
239
-290
-890
327
67
-463
-863
-111
-280
-987
-197
-717
472
114
-788
188
820
989
-339
-283
619
440
-389
714
850
-323
-912
-929
-323
-773
391
768
-748
693
-677
504
-606
14
-937
-701
-717
557
-828
-290
39
-705
350
125
79
903
103
450
-930
395
-489
-525
-287
-912
802
336
731
941
-435
-955
-189
336
-553
-113
643
-690
638
-56
-228
-231
-541
-711
43
551
-264
589
-897
991
-895
108
-165
800
-324
610
82
-130
829
854
213
-492
277
-468
-38
325
-689
620
94
232
-341
317
589
696
561
384
655
703
240
-493
477
691
5
707
404
-500
-36
-950
564
903
895
-583
-467
-680
322
222
236
401
541
-933
-791
747
-913
-829
337
50
637
926
220
-97
-426
-936
500
838
431
450
632
187
886
-23
-715
-307
120
-597
377
-570
14
234
-450
496
-828
852
-769
-589
602
946
443
-463
-308
-118
680
-945
396
712
20
426
362
573
897
246
-876
767
-74
290
612
-635
-575
-132
-531
768
-829
240
-524
3
-193
-238
-370
662
979
214
7
464
164
553
677
-236
152
930
752
211
-338
604
48
197
137
-28
496
-533
823
375
753
-106
732
-275
-887
-118
-318
-271
246
824
357
347
24
-623
893
530
-661
40
-210
935
-803
-272
526
859
-905
-941
192
612
656
-777
-164
764
952
-671
765
877
-883
-496
-267
54
-201
-166
-623
-730
21
831
-946
-166
553
-60
-53
280
28
273
-249
-22
-97
879
-113
-140
221
-707
73
57
427
-130
124
736
493
-242
-308
-481
-130
26
-717
-349
697
-800
-558
-274
821
-744
194
-746
-47
-676
150
599
66
-357
256
-526
-627
10
342
984
-36
85
725
745
-331
153
240
-604
-697
762
-942
401
382
483
710
-393
-468
-281
172
-794
-700
603
-701
-968
-139
-884
-174
701
328
-995
-510
971
-708
-208
198
-520
-347
-910
-914
258
-395
511
139
0
70
392
889
-244
398
-213
586
758
820
225
-917
801
-324
431
-505
-428
803
56
922
917
-487
578
637
-328
-858
-127
-329
814
-502
437
-205
66
271
323
471
602
-343
-370
-366
950
-381
-849
973
732
-74
-557
482
-915
63
29
-37
950
761
-552
-101
-299
-813
-601
-254
842
672
943
35
-303
-681
-531
371
-373
667
-799
-228
423
-153
-366
862
-409
-106
983
-300
154
-276
321
543
-988
858
816
383
-413
-994
218
-102
746
-695
-913
-121
-364
-64
35
268
703
-597
914
446
38
-371
-733
-56
601
-253
-36
266
771
-596
52
-293
656
-54
-501
-781
-337
-160
-729
-26
850
-754
688
-464
611
-14
268
699
-96
847
-433
595
-612
829
936
-632
44
836
-975
927
-401
-22
-537
921
437
-451
920
-888
305
-879
102
609
-747
-32
-318
-567
870
167
-794
84
-647
-59
596
-284
1000
-824
284
-641
-656
-584
-61
-393
410
-177
-304
-696
620
-307
-160
736
-487
-133
-264
443
-45
276
-655
-483
155
-15
-102
739
-338
-288
-185
-952
-610
315
648
-880
929
-831
369
-825
167
-733
-831
-102
-493
-62
-436
-890
149
-556
-584
966
674
601
115
-182
847
-663
-421
180
-577
67
-472
-963
-978
940
292
-243
-188
-20
-7
335
941
914
960
-879
265
-112
904
-56
877
717
-147
-348
-99
-572
848
-724
683
458
-13
-980
62
774
988
-684
-416
795
-319
402
-157
-525
492
-446
-445
-796
-309
-662
428
258
-889
-225
-807
833
86
-813
-43
402
-589
-178
-926
-126
-823
207
355
-213
449
278
-417
-213
-471
64
370
693
983
988
-244
114
674
171
23
778
191
543
-4
-55
165
829
-179
-828
993
-938
57
354
432
-924
-269
520
-203
-796
521
-747
-434
-314
-402
673
933
-991
690
404
630
-846
-726
-192
-387
463
-376
537
333
635
-856
-89
-112
252
842
332
-21
161
945
-510
699
349
698
-950
473
226
220
523
465
495
645
763
310
709
-219
369
544
653
-85
416
-424
-59
553
-568
-41
-45
-646
-603
-636
840
950
704
-758
-34
396
134
985
-533
3
-816
-664
-598
710
-481
-742
-169
972
-701
883
-219
-257
-457
-312
29
884
949
989
161
-838
683
326
772
47
708
958
-164
176
-960
-202
-219
252
-484
-951
-411
286
-856
732
-508
-415
128
-538
-749
59
513
-75
477
558
-514
230
-622
-215
897
611
455
-843
-930
766
842
-998
-312
-573
505
331
-501
334
-990
-808
481
-370
668
164
-809
-349
-834
-608
509
30
460
653
670
-88
-362
589
397
-250
-410
-345
669
523
374
-104
927
939
518
-221
149
-53
470
236
-736
-913
-191
910
-70
669
444
-239
-506
209
-52
369
-554
-922
691
233
61
-770
806
-308
-431
-579
-755
-459
-456
742
-487
-858
-503
-935
198
675
335
124
120
-67
586
422
684
-265
-402
-997
797
911
-837
-599
-674
208
-603
111
441
-281
123
-370
-837
711
703
-532
892
-523
-128
312
693
758
941
66
-580
-481
-243
300
-467
794
-908
-948
-184
-568
668
840
-586
244
886
-778
56
-253
-901
-324
370
252
-297
-516
739
-24
-620
777
-435
537
-509
-691
752
-517
-287
193
629
594
150
-386
-467
643
-43
495
694
835
872
242
796
-355
-75
-324
-426
-136
530
-864
535
714
760
735
142
591
554
693
10
318
148
-703
444
-255
277
177
347
799
484
-825
-929
-109
-753
165
-478
402
-241
96
-262
-877
-110
770
333
817
-946
244
-678
214
-249
588
691
570
189
656
-740
832
798
-288
-688
584
-319
-354
839
990
522
-904
292
429
-349
975
631
521
281
117
676
451
-496
30
-204
-773
-133
-209
-387
174
-205
524
-444
-494
-145
319
271
-812
-888
651
-792
-362
786
543
859
904
963
-666
973
-868
361
831
287
-627
-645
806
675
-28
685
-193
646
837
998
-78
-410
-759
966
-217
252
-319
216
282
-212
-215
882
868
53
257
-545
-483
605
990
-287
-129
128
157
621
-63
315
189
-539
-266
-702
532
535
-699
926
-683
-335
-31
-958
709
-656
718
216
-764
-629
18
32
-920
413
91
434
-91
-690
339
681
466
-178
853
-46
-261
-72
407
390
-518
950
569
551
-213
-111
106
793
-891
-745
49
-523
85
996
627
-376
-807
-837
-727
163
516
-938
-707
305
230
-70
919
-683
621
-383
64
773
-38
753
-356
-105
353
-296
268
-324
258
-485
-520
-389
-242
-626
525
856
344
906
861
463
843
337
181
-647
-140
375
474
-706
-175
-914
217
-650
-974
732
16
-543
655
845
275
499
-28
-842
-128
947
322
931
66
232
-531
230
-14
-282
335
493
170
120
-177
129
140
344
-410
789
-981
-120
-881
119
-558
-709
210
-473
-164
-650
-25
329
120
-90
-922
37
8
-166
742
872
-53
-496
-105
-330
-171
-108
114
982
-917
-168
-553
-191
-547
562
491
-527
-813
591
-980
197
-48
-84
470
-431
-126
549
-867
324
164
-102
-945
-781
-867
360
-39
942
-242
87
-643
-565
405
536
-882
-94
536
-396
-212
-631
-281
197
-181
-959
586
-938
-975
-53
-874
-125
716
753
422
730
-417
-306
697
13
-827
-293
-381
-455
-94
697
-327
-868
-94
88
390
177
-302
210
-706
-384
-153
856
-326
-445
-524
-457
918
864
-430
263
-223
-54
-585
888
261
948
-468
574
-561
-248
67
298
-66
799
-913
227
-402
-692
231
-655
147
747
804
488
614
396
-16
47
897
-523
-802
-314
-347
-413
-659
436
-691
-543
463
450
278
-932
-526
59
386
696
710
-13
-932
-314
413
730
70
597
712
79
-579
885
-421
894
-793
-309
-835
-349
-328
-825
-227
837
-894
-1
-907
564
-122
-196
636
-872
13
-199
-613
256
-320
-378
844
-516
-762
570
-387
566
-341
-18
-538
996
-469
-177
-415
822
-542
137
514
-117
508
-671
-414
-30
941
-967
730
-505
-251
-341
-551
826
-213
-556
-280
-554
-763
-853
-562
-127
-638
-912
327
-645
963
770
-968
-385
966
-229
-331
-767
134
131
217
357
161
-840
-910
217
599
-95
589
-405
123
933
565
750
-294
-171
51
-558
-878
913
-436
-755
-979
150
988
240
-596
-724
-148
757
-205
-217
-366
-207
563
451
-383
73
-923
995
452
691
-640
584
-600
-901
476
256
-422
269
609
277
-721
15
452
-39
-57
914
-219
449
-463
851
554
-759
-748
310
-998
-517
-366
-847
470
274
206
756
-868
-569
528
929
705
-620
591
184
-523
-685
21
-258
169
-803
-881
-720
754
805
-103
-156
-742
-608
-777
742
-225
-839
54
806
829
785
-821
-68
662
-613
62
-807
-104
-682
740
-481
-179
498
870
-440
-613
-659
-449
761
-926
-158
-325
-50
823
-555
476
-535
-781
-249
-617
261
-757
-953
-686
699
552
-860
-313
-48
-760
-376
680
-97
503
-797
258
214
485
-450
700
825
592
-180
802
-60
374
-42
365
485
863
-827
-768
320
633
801
-96
420
-761
-473
951
334
985
417
572
-989
664
546
839
286
765
556
958
-688
18
123
541
736
950
216
-16
302
267
269
-30
-991
294
53
-755
-826
91
-218
-686
79
-410
-50
-338
120
760
-209
-230
574
-131
-263
-662
474
-258
517
505
-194
-91
989
711
-139
892
100
41
-407
768
-749
-14
378
582
680
627
-556
-882
925
518
-509
-98
-510
-612
99
-369
973
46
816
340
666
805
-684
-661
-152
481
121
984
-296
818
108
-579
942
260
-981
651
-989
931
-153
-601
-433
396
-384
414
211
273
871
535
-854
-63
19
281
-466
-223
919
-370
292
245
-281
438
496
37
113
-287
-761
359
-136
-168
-113
-340
-726
311
-385
-321
-569
894
-658
-522
230
927
921
-322
427
271
650
840
609
-109
21
-886
-552
-245
-765
319
782
942
326
-9
-42
620
785
989
-372
966
733
-574
875
107
-673
230
-747
408
754
450
-510
-143
-796
410
-384
-13
24
199
-189
-184
-14
904
-559
-49
-540
-999
527
810
118
75
19
14
535
47
388
467
483
-417
652
690
385
-319
-911
118
265
-425
718
-158
-342
-797
-268
-864
-358
-883
-381
728
924
-557
-615
-207
-769
-727
570
-417
-937
-888
721
236
670
731
226
-712
-762
-81
342
-145
418
353
356
-757
-207
-826
-801
-591
780
882
520
-790
-254
507
-409
831
-543
-399
-489
-621
-244
196
-955
-619
-210
-688
-220
743
469
117
178
-507
-477
382
-158
753
965
805
-162
153
-551
-856
803
-190
-610
363
-522
128
-611
-935
249
341
637
-411
-14
-81
214
-8
-635
825
638
55
937
-611
-348
418
-145
-240
-521
707
2
155
747
-256
-385
576
634
-890
-447
332
826
318
-17
699
645
941
-973
-958
44
-895
-113
-629
-463
231
987
-678
442
-276
-431
-11
646
616
89
1
247
968
-595
-195
-246
40
-374
592
84
912
742
-744
-408
-468
-752
965
-983
-79
567
-561
237
-15
-540
-314
684
-407
-114
-471
-739
-185
566
-466
482
120
-646
-26
-709
261
-435
-778
-403
82
908
873
42
563
566
-827
943
-232
524
-571
303
-774
-970
-537
-721
31
-637
-784
672
-636
53
-821
-40
349
-470
-125
-585
463
572
232
782
614
216
-355
896
-918
-693
395
139
-907
-868
-730
-378
604
-352
-210
-945
350
-788
605
471
-814
628
237
702
-30
-544
-145
-811
262
166
944
-507
-913
293
852
-94
232
-446
430
68
703
347
176
218
-927
-15
-882
548
758
86
-360
139
-529
-977
320
-970
310
-17
0
-721
783
-426
610
-955
-626
639
-7
-907
-27
-873
-370
451
216
-622
638
-602
-685
973
-409
115
539
-222
138
192
337
986
-656
-96
956
420
-297
959
802
302
860
928
698
-93
-362
-539
174
-488
797
747
-929
-501
-554
-638
213
307
-44
-897
312
327
458
-810
386
-945
516
-338
-271
-575
-296
-910
533
961
715
661
628
991
374
542
-960
452
-24
-239
167
483
507
331
-812
112
257
334
771
48
-699
-953
81
-233
219
-1
798
539
-243
225
841
-810
-726
470
-340
433
-93
739
-238
601
82
-452
-885
-288
-966
-495
-14
-986
535
888
473
807
580
900
761
662
312
16
674
530
-562
-179
-534
-809
377
-804
875
-617
-732
-807
91
-239
658
-622
-540
-502
811
872
415
619
-765
-941
435
-502
-9
459
360
878
576
-572
763
-801
-174
-274
-810
238
573
-231
839
-748
-279
-679
949
376
-17
851
875
307
-200
-691
946
749
651
-930
-841
741
-635
148
589
477
-780
771
600
803
15
952
-27
912
727
160
769
816
313
-680
810
-926
-88
502
-1000
28
-306
800
-135
-425
-768
804
255
-133
437
-863
-473
394
-161
634
381
148
383
-967
435
-202
-970
515
85
-537
912
-988
-438
-637
-96
-783
666
-457
-767
229
770
17
-839
-755
669
1000
234
-252
-134
257
103
922
-632
-718
187
825
-503
45
-185
127
706
494
-181
205
241
856
-471
-34
-421
-181
453
703
-622
-523
-703
0
764
346
-355
967
-550
555
423
-149
564
-700
473
-102
-371
264
707
-347
-136
902
894
393
-368
398
384
465
615
-543
-760
181
638
963
-621
-720
852
-585
884
659
-584
-275
704
-340
782
890
354
397
-23
451
-336
-729
30
-331
-98
316
192
-334
-350
752
-654
863
-445
-637
-414
864
-535
452
-775
-96
-117
-444
-624
-477
-883
880
367
-228
-767
716
-402
-850
946
547
-222
-539
250
-91
432
830
430
-51
260
-21
-581
780
83
-82
362
656
882
-492
680
-590
418
598
501
-968
-124
-599
47
379
-699
-70
-252
-15
655
780
-675
208
-289
-70
-753
-654
566
-825
929
-232
-397
628
311
-378
-297
-692
-548
-461
-244
93
858
530
-564
-433
-102
-275
-706
-750
194
-699
-801
-312
193
-65
502
890
897
458
-826
-467
944
683
-191
123
-563
179
677
191
945
49
-382
-629
-509
317
-368
-464
-35
-632
152
-312
-524
329
-456
517
989
870
821
947
-816
651
9
633
254
-844
-12
-601
975
96
-682
-346
89
546
312
-526
791
634
-311
792
-987
-875
-495
-314
-11
47
-757
452
-292
-210
749
-842
-888
-816
-861
359
634
-492
764
-461
475
-203
246
330
436
793
585
350
974
868
733
802
-101
-327
-697
-744
-244
-66
-463
825
696
286
54
439
974
-671
577
355
-571
-317
-939
246
-155
-788
525
-177
-803
-292
-514
-781
-960
369
-631
625
-22
-339
198
-223
-141
-763
749
149
-85
573
221
-229
809
-710
270
505
-955
845
245
-310
-977
-292
596
-296
326
307
881
-299
-716
917
-367
642
141
899
-440
318
-446
-392
265
-599
-406
-184
883
16
247
174
-899
567
962
-373
413
839
-279
786
-917
912
870
794
-866
423
847
-101
574
279
935
320
-424
-516
172
139
-117
-552
672
387
-230
-4
1000
-195
593
-256
-623
199
-227
506
788
269
463
-116
-543
690
316
473
521
525
351
494
-91
-612
817
-747
-363
322
252
614
-346
-349
326
858
755
254
-550
348
-484
-990
-794
57
-3
-762
75
-390
405
865
402
136
640
701
591
-1000
-234
-614
104
71
-801
588
764
-809
-298
61
756
87
-813
-56
126
402
-815
-589
-234
-76
-773
-183
252
711
-814
462
688
-196
174
122
-336
-537
755
314
898
748
421
-544
-947
-915
919
680
343
879
-325
-320
333
-499
959
-218
-522
-169
107
-23
330
-297
-422
423
701
907
837
322
802
-335
17
226
923
-24
-754
-174
593
-231
878
283
113
-624
408
602
37
-851
-817
375
-782
-307
-288
-262
-641
-416
96
-617
818
-891
-478
940
-69
147
-813
284
-916
-203
196
381
928
51
230
587
425
107
761
207
73
324
723
-298
378
-213
716
-68
-592
255
-442
885
673
-939
711
-373
-593
-513
-127
-517
-721
-314
196
-107
847
145
40
-860
639
-292
420
-283
593
1000
-812
375
-803
-312
-951
-110
505
1000
-475
874
555
-74
488
-741
-345
-631
-735
908
820
-772
-34
115
225
-628
232
-628
273
-344
605
862
410
184
417
-671
-260
904
-941
-882
-855
-702
-694
81
-300
-628
562
-310
59
841
-304
-897
169
354
120
-175
710
113
393
-91
19
34
542
-224
895
-858
-603
-352
-649
924
821
-531
-265
-835
-727
-267
327
132
-946
-113
-612
-970
-609
-714
129
-328
242
605
878
344
-889
117
-884
778
-35
-943
-408
-364
148
20
943
264
-514
-202
270
574
-32
-727
772
123
-515
341
-145
496
333
-396
216
819
730
275
-43
652
-328
-907
477
832
457
-542
-368
-589
92
776
519
667
895
-290
-101
907
-376
-278
-921
-951
-571
394
-787
-391
577
-832
534
952
-717
369
44
614
744
-654
-778
760
55
-174
-317
-454
-543
-967
-635
-360
-571
626
-638
-159
5
501
-205
852
741
-360
-796
796
307
-865
299
-526
260
-537
364
-486
-261
139
332
-171
523
-741
-729
290
215
-977
848
572
-218
396
-787
-820
356
-296
-803
261
-514
-425
753
-44
435
-947
-156
-316
-866
-666
563
879
-421
-741
449
-654
-596
-779
574
174
-562
-214
807
-294
-487
699
-290
104
750
641
551
277
-993
350
-901
118
177
-955
-454
-376
676
331
-931
-811
370
-26
-520
-955
152
773
591
-337
310
302
-677
0
438
678
-698
262
-16
126
731
947
99
968
344
142
891
-203
-666
410
-353
-459
666
465
-695
299
844
304
54
-79
427
663
-193
-878
-23
-120
936
-343
937
625
-585
120
934
-467
-418
-872
-129
833
-644
428
-360
-290
904
948
132
-70
443
-217
854
652
-604
926
51
532
-303
776
697
-92
621
532
884
430
51
620
716
690
-935
574
226
843
709
-284
-503
653
294
-131
-201
176
513
-474
613
196
466
-879
666
-540
807
-55
771
-824
29
-874
426
997
489
979
61
-210
510
107
-684
-156
-821
65
830
668
-94
-851
-110
-117
-216
632
-249
-447
717
-209
159
566
-180
876
592
-738
960
-749
71
-23
306
-861
796
-92
903
304
-861
495
-102
-798
-852
-28
375
-347
271
-793
-730
943
779
-418
505
317
-202
-871
-974
-208
-191
-405
668
72
800
-540
197
-547
-923
971
662
707
-887
471
60
-780
733
49
20
342
949
-756
-928
-643
342
-735
883
-968
618
759
713
-519
-691
-749
532
-381
559
603
949
-611
322
358
-738
349
-956
-597
345
1
-247
-791
515
-92
-351
391
-394
409
839
81
-475
-729
-385
-996
-841
-904
-613
-311
-401
908
-860
-189
-22
416
-260
990
-759
-362
-822
789
-965
-366
331
-803
313
-56
-908
611
-884
977
401
-805
-43
-700
-94
-508
315
581
-97
4
587
-947
-334
806
15
-71
-65
230
-652
-825
821
165
306
-768
616
-357
-940
-31
-967
6
-78
829
-989
-74
65
535
858
-951
123
-825
576
-888
665
-943
-250
615
-121
-852
-111
959
898
883
112
308
901
832
-662
-641
-328
231
-596
635
576
85
833
-189
993
928
-864
350
344
-92
982
177
-883
-516
-672
-325
893
-528
669
-649
376
-766
800
628
442
-788
123
-858
411
398
-892
-93
-399
728
-157
982
-671
136
-706
368
-551
-494
-415
654
-294
265
948
891
-11
757
-574
960
-507
365
-140
-233
-838
216
871
-2
-970
-123
-218
675
-291
-849
-862
637
432
794
-348
623
-189
193
214
652
-645
-796
412
-848
-208
426
-298
650
638
-722
-316
59
-306
-860
402
177
-233
-553
354
570
242
-522
115
832
-269
-1000
77
-833
706
112
976
891
-396
311
278
634
234
817
-959
-347
-820
55
7
769
-413
-79
-2
144
-149
-950
-477
-797
-657
679
632
-384
511
717
-841
-697
86
393
166
850
-291
-931
-761
-497
40
-239
-590
262
467
-504
-511
510
77
77
-262
321
374
-534
88
651
457
509
-622
966
8
-278
-865
558
154
-329
573
-670
551
-371
766
761
-208
-826
-603
807
-613
769
-225
-472
447
-664
772
-100
901
-334
207
974
99
-182
-641
-433
-236
-307
-353
286
62
198
984
-153
-48
43
-211
-409
-105
-815
255
-341
593
851
244
-369
911
-875
-627
-770
-896
114
525
395
124
281
-656
-686
223
984
219
552
-834
677
941
22
-819
104
-322
-652
444
376
996
-131
-165
-682
-805
-654
946
-861
325
955
68
-92
-428
-340
-917
-981
669
-173
-139
114
-964
257
-425
280
-69
-107
-231
391
105
298
-396
945
-586
416
535
-66
-335
630
463
-546
-179
700
802
825
-805
191
299
606
-429
-706
-25
-228
-239
-718
436
-79
-998
184
788
225
23
-28
-538
596
355
455
87
448
-453
-581
-27
-558
-517
54
-539
-443
-328
-700
336
205
-509
699
-991
-94
441
-961
142
206
-839
-469
756
-612
74
-312
873
-75
352
-48
883
651
147
645
-105
362
811
-939
-616
-879
-759
390
867
436
427
774
635
-388
914
-900
-571
-483
-633
621
-917
333
855
-330
546
-206
-950
-311
651
-582
986
-675
-98
-576
-853
974
219
561
706
-329
502
323
-689
159
-692
510
-959
-243
-604
176
899
475
805
991
-618
-346
-141
377
-741
27
169
885
493
454
-452
-813
641
658
786
-82
-658
304
-61
804
204
-373
989
705
-159
37
-960
345
-551
-13
-607
191
-725
-433
-261
-222
-487
142
-262
115
-671
313
754
835
155
-408
818
225
76
892
-852
826
972
-816
923
632
999
835
729
871
-387
-550
219
625
402
-377
-111
-107
463
-997
-953
-516
-989
-937
245
-993
-717
-142
432
-299
574
-507
-511
-350
-79
-101
422
-40
-451
922
738
-325
-300
900
-708
967
418
92
973
-521
219
-84
474
601
-21
761
-47
-40
-551
135
620
704
-160
-821
-112
-93
-375
779
-619
177
329
507
-723
-864
86
-427
-508
-557
-103
652
361
382
222
682
991
341
219
38
-351
-461
475
882
-129
397
183
746
-812
369
672
238
752
-439
-296
-725
-928
-148
-592
213
-540
-852
-935
642
682
-752
242
123
425
699
117
-73
-92
70
-802
-999
-731
193
-956
482
-165
904
-878
-496
676
-597
160
286
0
351
939
459
330
-716
-556
866
545
586
-287
-848
-236
714
-471
-781
908
-6
-962
-345
465
-761
-46
-709
601
135
-834
371
4
364
502
-340
-937
578
-248
80
587
461
-878
-749
586
589
728
-524
896
267
-34
-578
167
104
-506
-146
-349
-831
-27
-163
886
-837
853
-588
442
-277
-593
963
-266
337
-512
464
-919
-846
-141
336
-891
-741
-391
821
624
135
792
858
-54
735
-946
861
274
-871
292
-173
-878
-414
-442
-706
-380
775
-254
-842
697
-747
-572
-52
-300
-721
884
279
395
-569
240
321
-283
-457
428
925
-801
153
-985
-669
404
-739
-991
-244
736
-897
478
-672
-543
-223
751
106
694
419
862
266
-870
334
-344
-293
604
-393
933
-294
-919
307
674
-676
358
712
-869
-110
425
-588
-900
620
-257
-468
174
258
255
-782
121
-818
529
705
767
-992
-468
-288
-490
930
-363
164
-604
52
12
-287
-919
-85
-946
901
-990
-930
-99
39
546
-469
-523
-580
-591
182
591
667
859
-46
-557
744
605
-910
-6
-121
-284
733
619
-833
358
-837
-714
-346
93
-25
-926
-769
-731
-865
-996
124
-102
-353
275
-484
-291
367
-499
-526
95
-482
758
-368
753
789
-598
753
361
-699
-648
433
-967
509
452
449
-878
-836
571
-777
-461
-855
227
-120
209
-359
887
391
659
-117
0
488
-827
131
368
-241
971
627
967
671
-710
7
-969
291
-119
734
168
180
-483
-511
-373
-91
33
-679
-851
332
755
1
691
972
-819
145
31
569
-45
724
-861
279
971
606
475
633
261
213
285
-799
-300
834
-261
808
-560
709
-625
384
-482
-256
781
-501
202
520
133
328
486
152
-666
-709
967
204
475
-756
-76
-849
-251
763
-460
172
-570
-111
683
-88
851
205
491
476
-222
-180
-355
736
927
-249
250
-146
-652
216
-192
553
172
-594
-339
-660
-878
-797
-600
-55
584
-901
-599
532
884
-236
-273
-453
-848
-495
655
637
922
607
-788
318
-299
33
-994
-806
711
-757
728
-321
931
-804
-590
114
-337
-715
968
286
-727
750
-9
24
250
-89
-942
230
-160
791
377
597
699
312
243
-100
912
-955
275
561
-9
-406
-838
917
-959
-641
-270
-249
842
-787
-926
-829
906
255
669
944
205
972
733
-303
-384
-393
853
579
-741
598
9
966
997
-863
-868
-747
-518
-739
-105
-102
-67
475
-579
-20
160
-229
414
856
-923
-398
591
-334
-414
-457
-13
-445
-85
-546
225
-170
-458
-168
-785
655
-300
-592
455
-107
318
-16
-821
-817
637
766
808
46
-980
813
-566
-22
-873
-883
883
177
327
187
-194
-524
784
-593
-8
38
929
-855
677
762
-915
-857
908
153
-239
4
-21
277
231
-706
-603
-858
-248
-764
688
-645
-322
-792
-232
415
356
-753
704
374
370
-447
109
-870
859
662
389
-946
381
385
980
-325
935
-299
714
-353
-442
-17
-519
-355
712
969
-587
568
123
839
-848
-213
-596
-247
950
522
-358
-583
-773
-126
-568
-611
-242
-543
968
-214
260
-972
387
203
-438
484
459
297
463
940
853
197
-10
-360
36
-711
-436
-241
-362
262
-283
830
449
-644
25
-119
-250
-297
-641
-210
-543
-948
-195
743
757
-979
4
21
-703
-572
824
-693
-959
148
-394
223
-425
-921
603
-699
156
-947
58
-140
820
-905
397
-538
365
-139
987
402
367
-375
-861
806
-808
-690
-292
-780
588
260
647
-274
104
-798
-561
105
-360
-968
327
713
-335
-739
663
-578
393
-746
66
617
-774
-299
558
211
-629
-960
80
-12
929
340
584
-568
795
96
605
123
-317
-499
185
-859
333
-712
691
238
-974
-902
-250
240
-956
-823
-910
164
419
-966
-630
626
-705
692
171
619
834
684
364
943
-551
606
-385
192
880
-909
-116
-777
-93
-300
636
-5
635
217
-890
953
552
768
-10
-94
-499
-629
-14
-460
466
354
-183
-705
619
-756
-781
481
-494
-510
-23
-383
93
467
798
-756
-23
448
140
260
-92
-739
-195
-920
77
522
-917
116
822
-785
-327
975
623
272
646
-646
87
865
-385
377
517
-135
-636
497
-914
77
515
-252
-584
-298
816
-568
-151
796
-247
-447
652
-897
240
793
-459
991
102
979
47
631
917
-207
-930
-71
883
-298
217
-1000
407
254
-282
906
635
569
267
-446
-903
799
599
297
453
400
-81
-60
-21
-794
477
-924
317
-63
-576
165
988
21
374
-863
-679
333
215
833
299
897
902
866
-986
-161
-213
918
-469
-664
-390
-834
596
690
-232
-451
-370
-933
-526
919
-583
31
586
-668
-349
856
-932
-892
-819
333
332
-157
-34
-432
55
-28
-19
-164
649
686
-485
490
-957
898
-69
461
-715
-784
970
751
-19
-752
-357
65
485
712
318
611
455
-37
187
895
-989
840
476
-239
500
86
683
356
-465
779
-385
955
928
880
-108
-425
-688
91
856
989
-417
-615
-801
646
595
659
-902
867
-660
-586
-530
416
978
-216
-239
-226
254
-168
-945
-955
-701
115
241
-815
-841
-574
-846
-872
-154
630
169
-978
-50
-226
566
-892
-396
539
587
-921
-898
51
183
729
-496
62
-999
-71
-562
106
-181
970
766
703
614
-754
763
896
-595
-791
-967
858
502
-857
-91
562
-626
961
-688
-140
218
572
-251
-229
646
-476
651
19
84
271
261
-161
571
-40
-802
-235
-866
730
-122
983
-773
-605
-387
-961
-601
-154
871
681
178
-346
433
538
-555
-619
406
284
742
-313
947
-586
-317
-241
730
-948
98
426
-372
-832
146
916
181
568
-818
-859
-25
822
-277
-493
635
160
-765
-928
941
174
-926
244
66
198
-734
-666
-543
-84
430
-42
-615
581
924
-528
-383
33
759
245
784
-212
-734
720
-212
-697
13
-256
-662
720
-469
106
472
838
308
-121
735
-392
-497
-23
-460
157
-879
-305
-503
-655
467
877
693
357
-882
107
-276
-371
156
974
635
-180
933
-946
-487
631
-696
-535
-570
-954
455
33
-214
957
-224
202
267
-76
574
520
-232
701
-354
664
-883
364
930
836
496
-359
116
559
705
788
276
965
187
-711
827
-582
-212
-739
40
704
-304
-16
-616
-253
232
21
-167
38
100
-540
356
-739
-589
815
582
-776
-168
904
743
462
627
112
-195
419
604
460
-520
888
846
-258
283
-638
-665
-963
-746
396
948
420
49
924
-667
176
653
-25
-917
-427
922
-4
-33
941
-722
-574
-685
100
185
192
778
-804
372
-421
385
267
62
72
-642
111
978
164
672
-415
-66
-82
-175
889
-593
-18
-600
-121
966
941
913
756
198
-220
-793
-1
-573
240
-762
716
-226
430
45
21
173
651
-673
-390
466
695
-17
-178
842
423
-496
-19
-444
790
826
-914
-490
826
940
-284
352
789
-825
583
-117
340
-538
-119
-157
475
-459
392
-707
247
-185
770
-732
-819
242
-853
-426
136
-894
-474
-418
947
-923
-225
622
804
-213
578
-693
-284
-360
-257
9
-904
404
-185
820
966
280
774
242
-673
677
719
287
-425
758
-182
-478
-448
-962
678
-798
-911
-985
-986
162
957
-976
125
-773
-639
428
-781
651
47
-528
96
-822
-116
298
747
46
-327
-987
520
490
-694
730
-790
-956
-212
530
-47
90
329
-418
25
-636
337
426
900
878
-290
-590
-42
-981
732
709
-759
-122
844
-114
-338
-722
141
-312
184
352
-455
-498
814
-701
433
33
-586
807
223
-453
-237
80
-508
-341
699
906
-390
-649
450
-831
-487
-626
-813
-181
247
-67
-952
393
113
371
-222
-949
796
-441
743
143
-50
-845
91
-158
978
635
856
-633
-86
118
-774
-225
-89
-859
-887
337
965
175
-736
31
907
-458
-755
-455
541
207
949
-960
-605
660
-714
840
96
565
262
-313
615
-391
966
592
-363
663
-80
-30
860
462
-457
-950
-471
-166
-483
555
-785
-389
162
729
94
-966
-703
-743
-538
125
-399
-889
-355
-651
-608
-749
744
532
-880
-731
89
-718
-132
-206
401
942
429
382
-666
-231
769
469
-246
940
-38
-341
256
150
355
-346
-656
389
82
-576
521
850
158
958
20
561
775
47
135
370
112
-861
154
518
-457
-897
135
839
-273
-615
421
632
66
169
134
-335
362
683
-566
-488
610
508
-788
-611
669
602
435
-709
-231
142
461
-347
-747
205
-460
837
-986
230
432
957
798
-992
-67
-318
-332
-380
-236
300
-121
441
-423
-878
417
-209
916
-370
288
679
-297
282
-176
72
873
956
376
980
899
-862
-273
886
-510
-445
605
-609
-549
570
515
-458
-266
-967
408
912
-338
-184
595
-773
-142
-415
-62
-9
766
165
-259
753
589
-795
-485
743
-578
-163
648
452
-776
133
818
316
-425
-665
-853
-853
-696
943
-590
305
816
322
-545
-797
-479
-91
-446
569
351
-927
-381
800
-183
47
-384
-5
-617
205
517
407
-348
-310
308
275
454
-453
-624
-782
-566
-737
-144
-589
812
897
842
542
-535
-953
-550
445
470
-692
191
-201
-521
-281
122
472
950
-577
742
353
856
-11
-25
600
236
557
-716
372
-747
-160
-704
-60
-9
-597
383
830
762
446
-788
980
-784
-920
6
905
-396
-1000
385
650
336
-475
713
625
-650
-305
958
-880
-919
472
-561
349
-598
134
-769
831
285
-537
375
-793
-679
-961
-573
444
33
-371
835
-385
277
701
-442
270
423
296
-506
-747
32
991
-440
343
720
985
-512
-294
-977
-873
-248
-558
-660
-903
698
-316
982
894
-397
14
596
366
-317
-929
-306
-277
-689
630
-389
921
355
-788
-248
-304
-801
-175
556
996
871
362
535
826
884
-504
417
333
-997
512
-495
633
-841
-320
33
-550
408
-834
265
966
-749
-442
-382
-811
-181
702
-138
357
-110
857
-971
-409
292
-966
416
-166
-902
203
162
675
114
718
345
706
498
939
-873
-577
-953
161
-659
-383
147
-130
989
-925
124
707
482
-286
-372
825
1000
536
617
564
-199
830
512
702
120
-751
-579
323
208
-650
-671
-332
-469
-279
849
277
-234
701
-999
327
707
774
-428
-568
585
116
-881
-109
-500
849
861
628
926
-114
666
577
-32
-936
-625
503
556
-633
-400
-192
427
784
-488
677
-587
-837
230
812
776
-376
-691
515
306
779
-190
-772
149
555
653
182
771
-920
-817
347
-96
779
-386
-443
272
705
689
475
-324
-168
766
770
-177
-318
-355
468
450
192
-521
-674
-267
991
674
375
438
985
-973
-826
-547
-50
-644
997
-853
-297
-941
652
443
799
-37
-667
-199
696
29
-718
304
719
-719
176
599
284
211
-72
156
-507
777
640
963
-865
-765
-691
453
704
-170
-664
623
825
848
-998
-486
-321
-393
-690
-326
-755
24
-126
-530
-150
-712
-727
-897
-465
728
-453
155
95
33
-755
-533
73
93
890
874
310
985
856
988
-673
875
-237
-704
270
232
-89
598
884
-524
-699
-589
399
180
-933
-60
584
491
265
525
812
-73
456
-357
793
-538
323
-693
693
729
698
-202
773
-562
-966
-57
351
693
395
766
237
-593
-710
291
483
666
270
-292
396
-788
-242
-663
-261
-425
743
424
-91
249
904
136
-20
-930
-135
-474
920
438
749
57
-656
415
717
-431
424
460
761
370
-522
-233
-647
257
-658
859
-228
837
783
-3
-175
253
-603
264
677
513
-542
419
404
-21
-849
462
-194
5
-545
320
-636
-759
456
461
490
260
713
220
-942
268
-839
986
-90
37
-332
678
-644
837
-12
422
674
262
-106
878
-823
513
34
540
-29
303
390
447
919
113
-882
788
-820
556
878
304
-790
-478
469
-169
-800
-808
-868
312
-416
-306
787
-752
-165
744
-716
-282
-551
-659
-551
625
-315
-887
563
221
-563
-268
489
370
-626
-285
-948
-510
-841
-156
371
884
-880
-683
921
-565
-544
224
853
215
-944
105
860
814
689
952
-233
-222
-537
223
-739
-827
-503
-140
-195
68
-811
957
296
790
372
-467
-954
-122
980
-25
361
-98
327
-332
876
-299
46
477
16
-470
538
-248
-443
595
689
-387
622
154
432
-324
319
723
234
-397
891
353
-719
715
-432
-547
-74
99
142
-673
-765
-381
722
-65
-703
150
96
951
241
-951
527
239
448
-940
-80
-455
214
5
-247
-238
-370
706
-889
835
-910
-674
344
378
-851
-30
233
963
-688
-359
-183
-907
-743
-706
631
351
-155
-191
-109
283
-512
64
379
-256
174
879
-610
-130
561
796
-265
-399
-612
60
972
133
-285
758
-353
-123
-337
663
-687
189
-940
385
924
-901
-339
-868
-63
-928
-456
-369
-862
-957
-566
-116
-303
-354
-72
788
189
764
-770
911
669
-744
-272
-779
401
-655
802
-734
850
489
221
-402
-73
-9
712
-992
359
-515
-119
-931
-864
996
-770
-503
290
185
-348
988
-70
-249
726
-661
884
-562
-243
786
317
-49
-611
3
-251
-56
451
-500
-608
110
582
392
737
-850
-797
-717
264
717
104
376
-467
42
-769
748
819
-458
289
963
-402
51
-451
-73
-93
655
65
804
683
471
849
667
-726
686
255
50
-719
9
-627
673
153
359
372
-259
231
504
839
-747
-801
-481
602
-129
561
-828
803
657
-163
-702
305
893
789
92
161
744
358
55
198
986
30
661
-308
355
-13
887
-954
-698
949
-793
-355
-612
-605
-734
-605
-535
59
289
857
1000
-569
492
799
-923
862
-979
695
855
-209
232
816
547
221
-395
-750
124
294
-736
-710
709
51
-330
686
101
55
-266
149
449
-859
614
387
562
543
-671
-239
222
774
-872
-209
878
-337
-767
337
-51
-340
883
-602
-604
-725
-87
-640
579
482
-530
157
382
-161
-775
-720
718
12
-512
684
870
-536
-120
-135
563
227
-758
-856
-111
705
396
-393
963
57
198
-518
993
-539
619
620
677
748
-676
-844
-465
613
450
-998
-335
279
959
-419
468
-540
-961
894
255
-694
-719
-378
641
-363
-584
-519
12
-447
986
-397
362
-778
-93
399
51
724
527
975
233
-314
338
-981
293
622
-906
427
893
974
-844
-671
-990
90
390
-616
-377
-113
-359
51
-708
992
286
-616
984
-467
-603
635
-381
23
-613
200
-719
-393
-840
436
486
642
604
481
512
350
374
-924
19
347
494
986
-367
297
-782
-778
922
300
-289
742
567
-18
733
816
725
-370
-911
-606
-219
-648
875
-509
-709
236
-272
-296
-258
136
191
-486
780
334
-872
-364
785
977
500
462
-99
-37
-48
-237
825
-262
-986
-407
-640
224
830
-881
765
-50
-458
-921
203
-169
260
130
-92
671
637
-810
119
868
844
-469
589
-585
-357
703
924
-429
-799
-905
-692
556
940
-257
481
-130
877
340
999
-243
-483
-635
255
711
321
-876
-785
35
-469
277
-992
54
-11
28
187
459
-517
-788
-116
197
121
843
421
-427
-378
-190
-629
-555
-6
724
-896
-569
295
418
-776
950
-541
601
652
-579
-229
115
763
500
522
-651
452
-426
-83
776
221
-486
940
617
816
745
459
833
65
370
-525
904
-108
-716
263
789
-624
897
-578
-556
663
136
623
-440
18
124
-504
738
948
99
-305
86
94
892
-381
964
-946
-39
-261
308
656
-140
831
-977
652
-604
-857
-457
-954
893
972
206
-190
149
-839
740
392
-508
-193
664
385
-814
383
552
-642
-360
782
-542
-217
-327
-432
785
-469
-55
-858
359
-353
-692
197
-803
775
804
15
-553
-554
798
49
626
-610
-659
863
-318
93
-349
241
751
-611
-267
500
46
-764
806
137
-920
772
891
755
275
713
180
-425
-484
722
-209
773
325
-21
328
-305
255
483
-442
-653
993
735
-782
-219
277
-295
-593
957
-449
-693
893
616
618
495
-446
-19
613
-713
453
728
822
-941
86
233
423
-900
357
30
-597
-370
637
917
-294
-167
-170
492
-26
855
600
-954
532
723
-806
-109
-30
-82
-780
-522
-942
-589
-930
-279
-578
745
371
84
-556
584
474
-56
-405
-838
845
-684
-327
-10
421
-746
-402
585
-33
187
-254
371
665
-483
410
-164
743
-471
-445
597
-254
140
-815
822
-442
992
636
527
200
532
761
159
466
653
436
-624
119
-422
551
836
264
168
-566
855
253
-890
-868
-224
-780
-924
-898
495
-941
965
407
-856
339
-359
-504
-25
187
-313
405
126
-100
92
-293
650
-281
-837
387
-237
-984
455
-544
-58
-534
-839
274
505
395
349
884
42
407
715
534
-62
893
679
4
957
1
792
896
361
-229
404
-294
41
-716
-710
83
-776
724
12
-925
1
-532
523
897
24
-411
-696
123
-200
-895
-225
-888
579
-196
-93
-549
388
471
976
-205
234
263
631
348
-542
-775
16
-220
-940
-872
888
-61
327
-332
453
510
600
-622
-901
-381
-939
649
-689
981
838
745
-332
429
446
-211
-771
567
316
-645
790
-847
-283
160
-76
817
415
-161
568
19
720
-546
892
223
-861
-324
767
-445
-710
-655
640
305
-175
838
-216
-708
31
-330
319
-803
200
995
-197
178
-314
886
969
-23
719
-922
-79
-139
264
-195
-567
687
861
-179
-543
452
-354
274
287
103
-849
922
304
-722
-461
-242
281
-331
-23
33
-805
-91
248
-596
-688
-917
887
562
828
141
535
-903
784
-832
-514
-138
-535
-218
-808
-419
-116
-394
-811
918
574
657
-53
-949
480
-34
780
715
56
-958
-220
-192
63
22
605
-118
201
576
549
828
-250
-806
377
-134
482
160
943
-359
-146
594
-918
186
-269
40
307
658
-496
134
-653
-416
584
-606
605
-745
474
-350
263
-4
678
659
422
-482
-874
958
-529
831
-818
796
117
-440
311
279
803
-659
-987
-520
-844
952
864
-292
242
-429
322
993
375
483
189
883
586
497
869
-114
88
47
544
56
897
648
734
942
-36
646
512
63
-243
468
765
783
-35
-53
477
-119
660
-890
761
57
-976
-706
-510
168
-142
384
849
831
848
690
471
-252
547
281
959
165
-126
-685
-144
676
639
-300
-548
-310
983
-372
-330
79
635
663
358
168
944
348
-473
829
546
867
557
-901
218
-537
-126
-10
325
581
-665
246
-549
-271
593
-37
-536
968
777
-828
556
61
514
-862
-136
740
108
-401
-99
-693
379
559
-51
-833
231
922
-228
689
-873
-282
404
-371
-229
-937
852
-876
801
844
265
245
543
-249
-570
-864
173
13
-192
-54
759
958
811
-433
172
-255
-779
-906
89
-289
380
299
535
708
351
553
-807
72
456
-603
-485
337
-798
914
132
261
570
-88
125
-877
775
-734
525
-184
-65
425
-605
-136
-875
-231
-557
520
163
181
894
232
-810
-294
964
351
-182
522
652
152
301
762
835
570
831
-527
256
-66
-18
-323
82
692
-466
639
726
379
261
-610
830
-737
902
878
-752
380
-695
5
379
-773
-102
-129
470
-112
110
334
-960
-772
666
931
-606
-274
279
999
-279
-25
-886
-28
767
-480
215
-155
818
552
-265
194
50
743
457
-606
-721
908
-669
-238
-180
276
782
729
-724
789
7
616
964
115
-603
-609
-891
-303
-811
723
875
-916
367
146
-439
-526
896
-906
-653
-124
627
690
791
-767
-730
166
-482
-438
-694
-302
-514
615
-753
212
-988
776
-967
-919
964
-721
989
44
-35
-266
769
608
-124
140
-112
-991
208
-399
-57
22
-166
927
227
-966
947
992
-636
-30
-964
230
-268
-76
-161
-100
659
-75
445
672
26
-4
-547
-593
-829
293
-162
155
-225
886
-884
751
882
-46
356
678
-887
-940
-916
370
843
319
397
-298
-606
215
851
-469
-850
909
192
-358
921
-776
101
151
-758
-821
-651
-55
257
-164
-451
-176
-4
-746
835
-641
-997
775
121
525
982
473
80
640
704
191
439
-744
674
58
517
-543
612
-256
983
865
-497
443
-328
863
-272
397
-751
666
904
948
-679
-68
452
105
342
-724
903
534
-873
-594
-742
-417
81
143
806
-293
-983
-129
555
557
-671
272
53
675
772
273
155
-957
-95
-689
-113
-554
416
-768
-493
-294
636
829
993
6
781
751
652
-953
-993
-314
456
324
157
-840
554
-195
14
-17
971
-991
452
966
192
-464
-508
752
-65
-127
-495
-80
-534
425
-277
-669
536
456
-388
-901
-365
370
-992
760
-737
-624
-688
-575
-413
508
-504
-13
-500
-147
-795
266
25
-420
-819
-236
3
627
871
-154
628
-73
251
-218
991
-841
527
-72
-279
-396
-916
-712
-731
701
-992
-974
631
-788
-417
226
675
908
-378
914
-336
-346
702
340
-284
77
-720
-427
461
324
-698
-274
-179
-416
307
-452
-980
183
4
218
-751
-191
-587
413
-12
27
523
-486
-12
-906
493
-823
708
-673
185
869
381
677
541
548
555
-971
-11
-122
996
543
-688
-93
-559
249
656
-253
-617
963
363
930
-88
9
-34
717
-551
-816
806
459
950
193
-258
-857
-246
-378
-919
720
363
-655
772
-767
-344
-586
627
-213
991
925
744
872
-501
-533
408
416
746
815
-763
743
656
-656
636
-293
11
249
-132
-637
313
682
-401
151
-354
-328
539
383
-814
883
-97
-943
994
-128
332
529
-381
-965
-902
-458
-508
223
-758
98
-781
648
285
860
880
508
922
-863
-98
-864
-28
499
919
-675
-22
-365
193
-232
4
-260
-565
-724
-480
-919
338
261
-104
187
782
255
251
114
-881
753
-693
-982
-895
-613
980
-759
-543
-914
-633
909
855
-953
-866
-375
772
-194
-544
176
751
-583
-762
-72
251
-792
-460
29
251
-815
519
505
-784
-553
-358
320
965
-994
-609
68
-112
893
78
-700
983
930
178
252
-701
-33
52
629
-959
-909
600
323
-129
-142
-659
-347
842
909
-104
573
420
-959
-828
14
490
755
-242
-553
995
649
-411
712
-480
994
647
875
-100
-330
-980
-788
-130
-369
420
-870
105
49
-858
-246
687
768
936
17
770
990
-733
37
603
543
-465
85
823
-892
554
-959
-916
270
989
890
628
770
583
-537
-694
-506
634
-998
-378
53
918
-714
-250
-86
264
120
750
125
14
594
234
-594
723
-560
-495
-326
455
910
960
214
-468
-427
-510
-746
-433
-506
-877
37
177
343
-593
-471
33
848
-223
73
650
-464
-330
-809
547
17
-69
-223
-736
-882
998
119
566
-647
-97
-396
-769
360
-498
-6
979
-477
-997
-570
-317
-820
-163
-207
633
119
914
-720
-621
-732
-413
-790
-71
-165
-411
303
204
-703
-263
-358
287
204
-988
462
-424
351
-732
338
610
-417
62
407
-399
981
852
-853
156
-644
697
956
-685
143
-757
596
-997
428
-569
-463
-186
-345
666
-302
221
-521
970
26
-356
397
-661
-505
79
-541
-359
-290
967
446
-545
-697
881
-930
316
-626
249
-475
553
-953
-753
-158
66
-406
285
562
344
-988
848
915
172
957
478
-447
-800
-202
-117
400
639
840
171
-402
-12
240
-965
-506
-17
-755
-199
-727
272
-686
-643
-502
-578
-829
152
458
-382
432
167
603
-805
-978
911
-110
81
303
-675
-822
398
-97
44
-550
-674
-391
23
-354
-623
942
-248
187
997
-97
-518
-224
-656
-827
66
934
-676
662
-269
-463
284
-548
847
-6
393
502
409
-17
727
165
630
497
-739
628
-666
852
-109
-14
127
-5
806
58
-245
-769
36
917
-771
544
-465
-983
-381
50
-551
255
6
455
452
159
-291
-908
-654
-736
-624
-551
-462
-199
105
-749
935
-116
561
-830
9
-401
150
398
-311
-323
-245
-846
963
-99
451
567
-250
892
51
543
150
-911
871
-349
-464
867
-790
-36
-439
-385
407
224
-224
-633
717
-520
-387
-180
742
335
-600
910
325
-809
281
42
259
394
469
337
-76
-543
-343
-373
-896
585
303
-780
992
245
-263
188
804
-513
181
869
-164
865
-609
-996
-146
309
-149
992
791
929
-922
69
-930
626
423
192
174
-91
-29
-295
-746
506
-630
-923
-485
-318
-639
-185
627
-548
-602
-261
-743
-973
-442
440
603
632
170
-371
144
691
-847
-532
-607
-461
-560
774
309
-965
448
3
160
661
-238
502
830
-775
600
-613
56
527
-94
-532
-536
575
923
-67
837
864
-290
741
-882
-526
460
-237
446
49
169
-998
-936
-895
97
322
-475
-656
-321
360
116
669
193
162
-538
-359
321
196
-677
-29
64
-778
-999
-593
513
401
-655
-399
591
-727
-885
-558
232
53
181
-118
-746
-442
-246
417
223
890
-146
-852
-693
850
14
783
-303
-923
204
-643
-460
903
61
-997
843
36
-131
974
371
905
352
830
-163
-952
420
308
238
487
-699
990
-643
-155
730
903
395
-371
-631
522
-231
-220
-684
895
-919
-589
-254
146
28
348
-567
513
-894
-102
-834
748
-973
-270
38
-144
-602
-191
-833
-750
409
1
223
920
-317
444
168
-978
450
-676
315
-133
667
-174
142
-590
-772
478
-5
-533
-62
374
-61
-405
96
391
391
-427
-426
342
463
-16
